MiniDOT Logger Concatenated Data File,,,,,,,,,
Sensor:             7450-296666,,,,,,,,,
Concatenation Date: 2023Aug09 10:54:55 AST,,,,,,,,,
,,,,,,,,,
DO concentration compensated for salinity: 40.0 (ppt),,,,,,,,,
Saturation computed at elevation: 0.0 (meter),,,,,,,,,
,,,,,,,,,
            Unix Timestamp,               UTC_Date_&_Time,          Arabia Standard Time,       Battery,   Temperature,  Dissolved Oxygen,  Dissolved Oxygen Saturation,             Q,,
                  (Second),                        (none),                        (none),        (Volt),       (deg C),            (mg/l),                          (%),        (none),,
1690187460,           2023-07-24 08:31:00,           2023-07-24 11:31:00,3.48,22.12,6.52355,94.358894,0.914,296666,wiper
1690188060,           2023-07-24 08:41:00,           2023-07-24 11:41:00,3.49,22.521,6.47328,94.289722,0.914,296666,wiper
1690188660,           2023-07-24 08:51:00,           2023-07-24 11:51:00,3.49,23.786,6.349506,94.527464,0.914,296666,wiper
1690189260,           2023-07-24 09:01:00,           2023-07-24 12:01:00,3.49,24.642,6.268487,94.688731,0.914,296666,wiper
1690189860,           2023-07-24 09:11:00,           2023-07-24 12:11:00,3.48,25.24,6.220375,94.912037,0.915,296666,wiper
1690190460,           2023-07-24 09:21:00,           2023-07-24 12:21:00,3.49,25.754,6.167284,94.913038,0.914,296666,wiper
1690191060,           2023-07-24 09:31:00,           2023-07-24 12:31:00,3.48,26.193,6.131679,95.054915,0.914,296666,wiper
1690191660,           2023-07-24 09:41:00,           2023-07-24 12:41:00,3.49,26.599,6.098864,95.18169,0.915,296666,wiper
1690192260,           2023-07-24 09:51:00,           2023-07-24 12:51:00,3.49,27.652,6.008855,95.405076,0.915,296666,wiper
1690192860,           2023-07-24 10:01:00,           2023-07-24 13:01:00,3.48,29.742,5.807138,95.344889,0.914,296666,wiper
1690193460,           2023-07-24 10:11:00,           2023-07-24 13:11:00,3.48,28.437,5.95038,95.682803,0.915,296666,wiper
1690194060,           2023-07-24 10:21:00,           2023-07-24 13:21:00,3.48,27.108,6.077331,95.640796,0.915,296666,wiper
1690194660,           2023-07-24 10:31:00,           2023-07-24 13:31:00,3.49,26.058,6.179032,95.575116,0.916,296666,wiper
1690195260,           2023-07-24 10:41:00,           2023-07-24 13:41:00,3.49,25.29,6.245573,95.376356,0.915,296666,wiper
1690195860,           2023-07-24 10:51:00,           2023-07-24 13:51:00,3.49,24.525,6.326974,95.383355,0.916,296666,wiper
1690196460,           2023-07-24 11:01:00,           2023-07-24 14:01:00,3.49,24.012,6.372546,95.237141,0.916,296666,wiper
1690197060,           2023-07-24 11:11:00,           2023-07-24 14:11:00,3.5,23.451,6.425413,95.109928,0.916,296666,wiper
1690197660,           2023-07-24 11:21:00,           2023-07-24 14:21:00,3.49,23.074,6.46106,95.01855,0.916,296666,wiper
1690198260,           2023-07-24 11:31:00,           2023-07-24 14:31:00,3.49,22.647,6.501632,94.910494,0.916,296666,wiper
1690198860,           2023-07-24 11:41:00,           2023-07-24 14:41:00,3.5,22.371,6.527135,94.825918,0.916,296666,wiper
1690199460,           2023-07-24 11:51:00,           2023-07-24 14:51:00,3.49,22.011,6.561955,94.733218,0.915,296666,wiper
1690200060,           2023-07-24 12:01:00,           2023-07-24 15:01:00,3.49,21.794,6.581691,94.656538,0.915,296666,wiper
1690200660,           2023-07-24 12:11:00,           2023-07-24 15:11:00,3.5,21.534,6.611204,94.646052,0.916,296666,wiper
1690201260,           2023-07-24 12:21:00,           2023-07-24 15:21:00,3.5,21.3,6.635433,94.600303,0.915,296666,wiper
1690201860,           2023-07-24 12:31:00,           2023-07-24 15:31:00,3.5,21.133,6.647748,94.495298,0.915,296666,wiper
1690202460,           2023-07-24 12:41:00,           2023-07-24 15:41:00,3.49,20.94,6.673982,94.542833,0.916,296666,wiper
1690203060,           2023-07-24 12:51:00,           2023-07-24 15:51:00,3.5,20.84,6.675977,94.402514,0.915,296666,wiper
1690203660,           2023-07-24 13:01:00,           2023-07-24 16:01:00,3.5,20.639,6.700499,94.409318,0.915,296666,wiper
1690204260,           2023-07-24 13:11:00,           2023-07-24 16:11:00,3.5,20.547,6.715222,94.460872,0.916,296666,wiper
1690204860,           2023-07-24 13:21:00,           2023-07-24 16:21:00,3.5,20.421,6.729533,94.448297,0.916,296666,wiper
1690205460,           2023-07-24 13:31:00,           2023-07-24 16:31:00,3.5,20.12,6.762275,94.394664,0.916,296666,wiper
1690206060,           2023-07-24 13:41:00,           2023-07-24 16:41:00,3.5,20.036,6.766793,94.314488,0.915,296666,wiper
1690206660,           2023-07-24 13:51:00,           2023-07-24 16:51:00,3.5,19.902,6.784124,94.327037,0.916,296666,wiper
1690207260,           2023-07-24 14:01:00,           2023-07-24 17:01:00,3.5,19.86,6.784405,94.259171,0.915,296666,wiper
1690207860,           2023-07-24 14:11:00,           2023-07-24 17:11:00,3.5,19.718,6.798466,94.211442,0.915,296666,wiper
1690208460,           2023-07-24 14:21:00,           2023-07-24 17:21:00,3.5,19.693,6.800529,94.197229,0.915,296666,wiper
1690209060,           2023-07-24 14:31:00,           2023-07-24 17:31:00,3.5,19.6,6.808074,94.142366,0.915,296666,wiper
1690209660,           2023-07-24 14:41:00,           2023-07-24 17:41:00,3.5,19.634,6.809279,94.217296,0.916,296666,wiper
1690210260,           2023-07-24 14:51:00,           2023-07-24 17:51:00,3.5,19.625,6.807591,94.178515,0.915,296666,wiper
1690210860,           2023-07-24 15:01:00,           2023-07-24 18:01:00,3.5,19.6,6.812809,94.207833,0.916,296666,wiper
1690211460,           2023-07-24 15:11:00,           2023-07-24 18:11:00,3.5,19.617,6.801969,94.08705,0.916,296666,wiper
1690212060,           2023-07-24 15:21:00,           2023-07-24 18:21:00,3.5,19.667,6.797055,94.104626,0.916,296666,wiper
1690212660,           2023-07-24 15:31:00,           2023-07-24 18:31:00,3.5,19.667,6.800212,94.148329,0.916,296666,wiper
1690213260,           2023-07-24 15:41:00,           2023-07-24 18:41:00,3.5,19.693,6.796583,94.142571,0.916,296666,wiper
1690213860,           2023-07-24 15:51:00,           2023-07-24 18:51:00,3.5,19.667,6.799423,94.137403,0.916,296666,wiper
1690214460,           2023-07-24 16:01:00,           2023-07-24 19:01:00,3.5,19.651,6.792915,94.019938,0.915,296666,wiper
1690215060,           2023-07-24 16:11:00,           2023-07-24 19:11:00,3.5,19.625,6.813114,94.254932,0.916,296666,wiper
1690215660,           2023-07-24 16:21:00,           2023-07-24 19:21:00,3.5,19.617,6.807493,94.163455,0.916,296666,wiper
1690216260,           2023-07-24 16:31:00,           2023-07-24 19:31:00,3.5,19.609,6.808973,94.170222,0.916,296666,wiper
1690216860,           2023-07-24 16:41:00,           2023-07-24 19:41:00,3.5,19.609,6.808184,94.159309,0.916,296666,wiper
1690217460,           2023-07-24 16:51:00,           2023-07-24 19:51:00,3.5,19.6,6.805707,94.109632,0.916,296666,wiper
1690218060,           2023-07-24 17:01:00,           2023-07-24 20:01:00,3.5,19.617,6.80986,94.1962,0.916,296666,wiper
1690218660,           2023-07-24 17:11:00,           2023-07-24 20:11:00,3.5,19.55,6.822454,94.255353,0.916,296666,wiper
1690219260,           2023-07-24 17:21:00,           2023-07-24 20:21:00,3.5,19.516,6.827559,94.267473,0.916,296666,wiper
1690219860,           2023-07-24 17:31:00,           2023-07-24 20:31:00,3.5,19.516,6.817303,94.125865,0.916,296666,wiper
1690220460,           2023-07-24 17:41:00,           2023-07-24 20:41:00,3.5,19.491,6.827252,94.220285,0.916,296666,wiper
1690221060,           2023-07-24 17:51:00,           2023-07-24 20:51:00,3.5,19.475,6.8239,94.146551,0.916,296666,wiper
1690221660,           2023-07-24 18:01:00,           2023-07-24 21:01:00,3.5,19.433,6.824961,94.089077,0.915,296666,wiper
1690222260,           2023-07-24 18:11:00,           2023-07-24 21:11:00,3.5,19.433,6.824172,94.078203,0.915,296666,wiper
1690222860,           2023-07-24 18:21:00,           2023-07-24 21:21:00,3.5,19.424,6.830372,94.148209,0.916,296666,wiper
1690223460,           2023-07-24 18:31:00,           2023-07-24 21:31:00,3.5,19.391,6.836276,94.172834,0.916,296666,wiper
1690224060,           2023-07-24 18:41:00,           2023-07-24 21:41:00,3.5,19.349,6.838124,94.126051,0.916,296666,wiper
1690224660,           2023-07-24 18:51:00,           2023-07-24 21:51:00,3.5,19.365,6.828068,94.015109,0.915,296666,wiper
1690225260,           2023-07-24 19:01:00,           2023-07-24 22:01:00,3.5,19.332,6.839492,94.11563,0.916,296666,wiper
1690225860,           2023-07-24 19:11:00,           2023-07-24 22:11:00,3.5,19.307,6.841549,94.100921,0.916,296666,wiper
1690226460,           2023-07-24 19:21:00,           2023-07-24 22:21:00,3.5,19.29,6.846859,94.144687,0.916,296666,wiper
1690227060,           2023-07-24 19:31:00,           2023-07-24 22:31:00,3.5,19.307,6.838394,94.057531,0.916,296666,wiper
1690227660,           2023-07-24 19:41:00,           2023-07-24 22:41:00,3.5,19.307,6.842338,94.111768,0.916,296666,wiper
1690228260,           2023-07-24 19:51:00,           2023-07-24 22:51:00,3.5,19.282,6.847549,94.140393,0.916,296666,wiper
1690228860,           2023-07-24 20:01:00,           2023-07-24 23:01:00,3.5,19.307,6.839183,94.068378,0.916,296666,wiper
1690229460,           2023-07-24 20:11:00,           2023-07-24 23:11:00,3.5,19.273,6.838763,94.004124,0.916,296666,wiper
1690230060,           2023-07-24 20:21:00,           2023-07-24 23:21:00,3.5,19.298,6.831974,93.95376,0.915,296666,wiper
1690230660,           2023-07-24 20:31:00,           2023-07-24 23:31:00,3.5,19.29,6.846859,94.144687,0.916,296666,wiper
1690231260,           2023-07-24 20:41:00,           2023-07-24 23:41:00,3.5,19.282,6.842817,94.075341,0.916,296666,wiper
1690231860,           2023-07-24 20:51:00,           2023-07-24 23:51:00,3.5,19.282,6.832565,93.934396,0.915,296666,wiper
1690232460,           2023-07-24 21:01:00,           2023-07-25 00:01:00,3.5,19.273,6.836397,93.971604,0.916,296666,wiper
1690233060,           2023-07-24 21:11:00,           2023-07-25 00:11:00,3.5,19.298,6.841438,94.083905,0.916,296666,wiper
1690233660,           2023-07-24 21:21:00,           2023-07-25 00:21:00,3.5,19.282,6.829411,93.891028,0.915,296666,wiper
1690234260,           2023-07-24 21:31:00,           2023-07-25 00:31:00,3.5,19.265,6.844184,94.064874,0.916,296666,wiper
1690234860,           2023-07-24 21:41:00,           2023-07-25 00:41:00,3.5,19.298,6.836706,94.018833,0.916,296666,wiper
1690235460,           2023-07-24 21:51:00,           2023-07-25 00:51:00,3.5,19.282,6.842817,94.075341,0.916,296666,wiper
1690236060,           2023-07-24 22:01:00,           2023-07-25 01:01:00,3.5,19.315,6.831395,93.975007,0.916,296666,wiper
1690236660,           2023-07-24 22:11:00,           2023-07-25 01:11:00,3.5,19.282,6.830988,93.912712,0.915,296666,wiper
1690237260,           2023-07-24 22:21:00,           2023-07-25 01:21:00,3.5,19.323,6.831494,93.99011,0.916,296666,wiper
1690237860,           2023-07-24 22:31:00,           2023-07-25 01:31:00,3.5,19.256,6.84565,94.069526,0.916,296666,wiper
1690238460,           2023-07-24 22:41:00,           2023-07-25 01:41:00,3.5,19.29,6.83503,93.982032,0.916,296666,wiper
1690239060,           2023-07-24 22:51:00,           2023-07-25 01:51:00,3.5,19.231,6.839032,93.935593,0.916,296666,wiper
1690239660,           2023-07-24 23:01:00,           2023-07-25 02:01:00,3.5,19.265,6.834721,93.934815,0.916,296666,wiper
1690240260,           2023-07-24 23:11:00,           2023-07-25 02:11:00,3.5,19.24,6.836778,93.920102,0.916,296666,wiper
1690240860,           2023-07-24 23:21:00,           2023-07-25 02:21:00,3.5,19.265,6.834721,93.934815,0.916,296666,wiper
1690241460,           2023-07-24 23:31:00,           2023-07-25 02:31:00,3.5,19.214,6.846707,94.011742,0.916,296666,wiper
1690242060,           2023-07-24 23:41:00,           2023-07-25 02:41:00,3.5,19.256,6.836976,93.950327,0.916,296666,wiper
1690242660,           2023-07-24 23:51:00,           2023-07-25 02:51:00,3.5,19.248,6.843974,94.032725,0.916,296666,wiper
1690243260,           2023-07-25 00:01:00,           2023-07-25 03:01:00,3.5,19.248,6.837665,93.946049,0.916,296666,wiper
1690243860,           2023-07-25 00:11:00,           2023-07-25 03:11:00,3.5,19.256,6.840918,94.004508,0.916,296666,wiper
1690244460,           2023-07-25 00:21:00,           2023-07-25 03:21:00,3.5,19.256,6.838553,93.972,0.916,296666,wiper
1690245060,           2023-07-25 00:31:00,           2023-07-25 03:31:00,3.5,19.256,6.844073,94.047853,0.916,296666,wiper
1690245660,           2023-07-25 00:41:00,           2023-07-25 03:41:00,3.5,19.265,6.83551,93.945653,0.916,296666,wiper
1690246260,           2023-07-25 00:51:00,           2023-07-25 03:51:00,3.5,19.29,6.831875,93.938657,0.916,296666,wiper
1690246860,           2023-07-25 01:01:00,           2023-07-25 04:01:00,3.5,19.256,6.83461,93.917818,0.915,296666,wiper
1690247460,           2023-07-25 01:11:00,           2023-07-25 04:11:00,3.5,19.273,6.841129,94.036644,0.916,296666,wiper
1690248060,           2023-07-25 01:21:00,           2023-07-25 04:21:00,3.5,19.214,6.846707,94.011742,0.916,296666,wiper
1690248660,           2023-07-25 01:31:00,           2023-07-25 04:31:00,3.5,19.231,6.842186,93.978916,0.916,296666,wiper
1690249260,           2023-07-25 01:41:00,           2023-07-25 04:41:00,3.5,19.231,6.842186,93.978916,0.916,296666,wiper
1690249860,           2023-07-25 01:51:00,           2023-07-25 04:51:00,3.5,19.24,6.844663,94.028429,0.916,296666,wiper
1690250460,           2023-07-25 02:01:00,           2023-07-25 05:01:00,3.5,19.24,6.843086,94.006764,0.916,296666,wiper
1690251060,           2023-07-25 02:11:00,           2023-07-25 05:11:00,3.5,19.256,6.841707,94.015345,0.916,296666,wiper
1690251660,           2023-07-25 02:21:00,           2023-07-25 05:21:00,3.5,19.214,6.855381,94.13084,0.916,296666,wiper
1690252260,           2023-07-25 02:31:00,           2023-07-25 05:31:00,3.5,19.24,6.840721,93.974266,0.915,296666,wiper
1690252860,           2023-07-25 02:41:00,           2023-07-25 05:41:00,3.5,19.223,6.848396,94.050425,0.916,296666,wiper
1690253460,           2023-07-25 02:51:00,           2023-07-25 05:51:00,3.5,19.231,6.850072,94.087224,0.916,296666,wiper
1690254060,           2023-07-25 03:01:00,           2023-07-25 06:01:00,3.5,19.24,6.843086,94.006764,0.916,296666,wiper
1690254660,           2023-07-25 03:11:00,           2023-07-25 06:11:00,3.5,19.248,6.847128,94.076063,0.916,296666,wiper
1690255260,           2023-07-25 03:21:00,           2023-07-25 06:21:00,3.5,19.206,6.853704,94.094037,0.916,296666,wiper
1690255860,           2023-07-25 03:31:00,           2023-07-25 06:31:00,3.5,19.223,6.843664,93.985451,0.915,296666,wiper
1690256460,           2023-07-25 03:41:00,           2023-07-25 06:41:00,3.5,19.231,6.848495,94.065563,0.916,296666,wiper
1690257060,           2023-07-25 03:51:00,           2023-07-25 06:51:00,3.5,19.223,6.849973,94.072083,0.916,296666,wiper
1690257660,           2023-07-25 04:01:00,           2023-07-25 07:01:00,3.5,19.248,6.848705,94.097732,0.916,296666,wiper
1690258260,           2023-07-25 04:11:00,           2023-07-25 07:11:00,3.5,19.223,6.854704,94.137058,0.916,296666,wiper
1690258860,           2023-07-25 04:21:00,           2023-07-25 07:21:00,3.5,19.248,6.847917,94.086897,0.916,296666,wiper
1690259460,           2023-07-25 04:31:00,           2023-07-25 07:31:00,3.5,19.206,6.852127,94.072386,0.916,296666,wiper
1690260060,           2023-07-25 04:41:00,           2023-07-25 07:41:00,3.5,19.223,6.853915,94.126229,0.916,296666,wiper
1690260660,           2023-07-25 04:51:00,           2023-07-25 07:51:00,3.5,19.231,6.852437,94.119717,0.916,296666,wiper
1690261260,           2023-07-25 05:01:00,           2023-07-25 08:01:00,3.5,19.265,6.839453,93.999845,0.916,296666,wiper
1690261860,           2023-07-25 05:11:00,           2023-07-25 08:11:00,3.5,19.24,6.84624,94.050095,0.916,296666,wiper
1690262460,           2023-07-25 05:21:00,           2023-07-25 08:21:00,3.5,19.265,6.840241,94.010683,0.915,296666,wiper
1690263060,           2023-07-25 05:31:00,           2023-07-25 08:31:00,3.5,19.24,6.858069,94.212586,0.916,296666,wiper
1690263660,           2023-07-25 05:41:00,           2023-07-25 08:41:00,3.5,19.256,6.847227,94.091198,0.916,296666,wiper
1690264260,           2023-07-25 05:51:00,           2023-07-25 08:51:00,3.49,20.095,6.740651,94.050343,0.915,296666,wiper
1690264860,           2023-07-25 06:01:00,           2023-07-25 09:01:00,3.49,21.819,6.553457,94.291945,0.915,296666,wiper
1690265460,           2023-07-25 06:11:00,           2023-07-25 09:11:00,3.49,23.434,6.381544,94.432984,0.915,296666,wiper
1690266060,           2023-07-25 06:21:00,           2023-07-25 09:21:00,3.48,25.299,6.201842,94.722817,0.915,296666,wiper
1690266660,           2023-07-25 06:31:00,           2023-07-25 09:31:00,3.49,26.786,6.070298,95.027497,0.916,296666,wiper
1690267260,           2023-07-25 06:41:00,           2023-07-25 09:41:00,3.48,29.217,5.813051,94.649135,0.915,296666,wiper
1690267860,           2023-07-25 06:51:00,           2023-07-25 09:51:00,3.47,33.056,5.463873,94.45863,0.912,296666,wiper
1690268460,           2023-07-25 07:01:00,           2023-07-25 10:01:00,3.48,34.769,5.285134,93.778962,0.908,296666,wiper
1690269060,           2023-07-25 07:11:00,           2023-07-25 10:11:00,3.48,35.675,5.170157,92.99741,0.906,296666,wiper
1690269660,           2023-07-25 07:21:00,           2023-07-25 10:21:00,3.47,36.469,5.1075,92.967236,0.903,296666,wiper
1690270260,           2023-07-25 07:31:00,           2023-07-25 10:31:00,3.47,36.469,5.167417,94.057847,0.904,296666,wiper
1690270860,           2023-07-25 07:41:00,           2023-07-25 10:41:00,3.47,36.478,5.144806,93.658839,0.904,296666,wiper
1690271460,           2023-07-25 07:51:00,           2023-07-25 10:51:00,3.47,36.478,5.289741,96.297324,0.905,296666,wiper
1690272060,           2023-07-25 08:01:00,           2023-07-25 11:01:00,3.48,34.234,6.105588,107.463917,0.911,296666,wiper
1690272660,           2023-07-25 08:11:00,           2023-07-25 11:11:00,3.48,34.279,6.368346,112.16517,0.911,296666,wiper
1690273260,           2023-07-25 08:21:00,           2023-07-25 11:21:00,3.49,34.386,6.567093,115.853275,0.912,296666,wiper
1690273860,           2023-07-25 08:31:00,           2023-07-25 11:31:00,3.49,34.537,6.631421,117.25569,0.911,296666,wiper
1690274460,           2023-07-25 08:41:00,           2023-07-25 11:41:00,3.49,34.555,6.878721,121.661511,0.908,296666,wiper
1690275060,           2023-07-25 08:51:00,           2023-07-25 11:51:00,3.49,34.68,7.003464,124.101983,0.909,296666,wiper
1690275660,           2023-07-25 09:01:00,           2023-07-25 12:01:00,3.49,34.787,6.874395,122.011798,0.909,296666,wiper
1690276260,           2023-07-25 09:11:00,           2023-07-25 12:11:00,3.49,34.957,6.935752,123.416795,0.91,296666,wiper
1690276860,           2023-07-25 09:21:00,           2023-07-25 12:21:00,3.49,35.046,7.001227,124.749034,0.909,296666,wiper
1690277460,           2023-07-25 09:31:00,           2023-07-25 12:31:00,3.49,34.6,6.623097,117.220084,0.909,296666,wiper
1690278060,           2023-07-25 09:41:00,           2023-07-25 12:41:00,3.5,34.457,6.572565,116.07448,0.911,296666,wiper
1690278660,           2023-07-25 09:51:00,           2023-07-25 12:51:00,3.5,34.492,6.540571,115.570628,0.91,296666,wiper
1690279260,           2023-07-25 10:01:00,           2023-07-25 13:01:00,3.5,34.412,6.465579,114.107317,0.91,296666,wiper
1690279860,           2023-07-25 10:11:00,           2023-07-25 13:11:00,3.5,34.457,6.476468,114.377359,0.91,296666,wiper
1690280460,           2023-07-25 10:21:00,           2023-07-25 13:21:00,3.5,34.386,6.413675,113.146756,0.91,296666,wiper
1690281060,           2023-07-25 10:31:00,           2023-07-25 13:31:00,3.5,34.394,6.262747,110.497542,0.91,296666,wiper
1690281660,           2023-07-25 10:41:00,           2023-07-25 13:41:00,3.5,34.51,6.349329,112.22196,0.91,296666,wiper
1690282260,           2023-07-25 10:51:00,           2023-07-25 13:51:00,3.5,34.617,6.447166,114.135663,0.91,296666,wiper
1690282860,           2023-07-25 11:01:00,           2023-07-25 14:01:00,3.5,34.68,6.448518,114.268297,0.91,296666,wiper
1690283460,           2023-07-25 11:11:00,           2023-07-25 14:11:00,3.5,34.805,6.699242,118.935361,0.91,296666,wiper
1690284060,           2023-07-25 11:21:00,           2023-07-25 14:21:00,3.5,34.921,6.743913,119.93807,0.909,296666,wiper
1690284660,           2023-07-25 11:31:00,           2023-07-25 14:31:00,3.5,35.118,6.868535,122.517443,0.91,296666,wiper
1690285260,           2023-07-25 11:41:00,           2023-07-25 14:41:00,3.5,35.208,6.985758,124.777253,0.91,296666,wiper
1690285860,           2023-07-25 11:51:00,           2023-07-25 14:51:00,3.5,35.235,7.108881,127.028015,0.908,296666,wiper
1690286460,           2023-07-25 12:01:00,           2023-07-25 15:01:00,3.5,35.324,7.29971,130.612556,0.908,296666,wiper
1690287060,           2023-07-25 12:11:00,           2023-07-25 15:11:00,3.51,35.468,7.438565,133.385254,0.909,296666,wiper
1690287660,           2023-07-25 12:21:00,           2023-07-25 15:21:00,3.5,35.369,7.181292,128.580624,0.908,296666,wiper
1690288260,           2023-07-25 12:31:00,           2023-07-25 15:31:00,3.51,35.441,7.284667,130.572666,0.908,296666,wiper
1690288860,           2023-07-25 12:41:00,           2023-07-25 15:41:00,3.51,35.513,7.331453,131.553382,0.908,296666,wiper
1690289460,           2023-07-25 12:51:00,           2023-07-25 15:51:00,3.51,35.594,7.39451,132.846191,0.908,296666,wiper
1690290060,           2023-07-25 13:01:00,           2023-07-25 16:01:00,3.51,35.504,7.291741,130.823138,0.908,296666,wiper
1690290660,           2023-07-25 13:11:00,           2023-07-25 16:11:00,3.5,35.315,7.123378,127.440236,0.908,296666,wiper
1690291260,           2023-07-25 13:21:00,           2023-07-25 16:21:00,3.51,35.333,7.194694,128.750934,0.908,296666,wiper
1690291860,           2023-07-25 13:31:00,           2023-07-25 16:31:00,3.51,35.235,7.022385,125.482416,0.908,296666,wiper
1690292460,           2023-07-25 13:41:00,           2023-07-25 16:41:00,3.51,35.082,6.928015,123.511456,0.909,296666,wiper
1690293060,           2023-07-25 13:51:00,           2023-07-25 16:51:00,3.51,34.939,6.728722,119.700369,0.909,296666,wiper
1690293660,           2023-07-25 14:01:00,           2023-07-25 17:01:00,3.51,34.859,6.645591,118.079004,0.909,296666,wiper
1690294260,           2023-07-25 14:11:00,           2023-07-25 17:11:00,3.51,34.805,6.59906,117.156781,0.909,296666,wiper
1690294860,           2023-07-25 14:21:00,           2023-07-25 17:21:00,3.51,34.796,6.586055,116.910004,0.91,296666,wiper
1690295460,           2023-07-25 14:31:00,           2023-07-25 17:31:00,3.51,34.832,6.620305,117.581832,0.909,296666,wiper
1690296060,           2023-07-25 14:41:00,           2023-07-25 17:41:00,3.51,34.841,6.813486,121.029305,0.906,296666,wiper
1690296660,           2023-07-25 14:51:00,           2023-07-25 17:51:00,3.51,34.787,6.710391,119.100951,0.906,296666,wiper
1690297260,           2023-07-25 15:01:00,           2023-07-25 18:01:00,3.51,34.751,6.873256,121.925326,0.908,296666,wiper
1690297860,           2023-07-25 15:11:00,           2023-07-25 18:11:00,3.51,34.725,6.731647,119.366447,0.908,296666,wiper
1690298460,           2023-07-25 15:21:00,           2023-07-25 18:21:00,3.52,34.68,6.596342,116.88775,0.908,296666,wiper
1690299060,           2023-07-25 15:31:00,           2023-07-25 18:31:00,3.52,34.635,6.506286,115.213609,0.909,296666,wiper
1690299660,           2023-07-25 15:41:00,           2023-07-25 18:41:00,3.52,34.6,6.61825,117.134313,0.907,296666,wiper
1690300260,           2023-07-25 15:51:00,           2023-07-25 18:51:00,3.52,34.573,6.571974,116.267822,0.907,296666,wiper
1690300860,           2023-07-25 16:01:00,           2023-07-25 19:01:00,3.52,34.475,6.266659,110.702185,0.906,296666,wiper
1690301460,           2023-07-25 16:11:00,           2023-07-25 19:11:00,3.52,34.475,6.432209,113.626663,0.908,296666,wiper
1690302060,           2023-07-25 16:21:00,           2023-07-25 19:21:00,3.52,34.626,7.090999,125.550657,0.911,296666,wiper
1690302660,           2023-07-25 16:31:00,           2023-07-25 19:31:00,3.52,34.519,6.724135,118.862696,0.91,296666,wiper
1690303260,           2023-07-25 16:41:00,           2023-07-25 19:41:00,3.52,34.296,6.433889,113.348757,0.91,296666,wiper
1690303860,           2023-07-25 16:51:00,           2023-07-25 19:51:00,3.51,34.127,6.135378,107.813167,0.909,296666,wiper
1690304460,           2023-07-25 17:01:00,           2023-07-25 20:01:00,3.52,34.012,5.851953,102.65338,0.908,296666,wiper
1690305060,           2023-07-25 17:11:00,           2023-07-25 20:11:00,3.51,33.967,5.71844,100.24279,0.907,296666,wiper
1690305660,           2023-07-25 17:21:00,           2023-07-25 20:21:00,3.52,33.923,5.692276,99.717448,0.907,296666,wiper
1690306260,           2023-07-25 17:31:00,           2023-07-25 20:31:00,3.52,33.923,5.895629,103.279795,0.91,296666,wiper
1690306860,           2023-07-25 17:41:00,           2023-07-25 20:41:00,3.52,33.887,5.783986,101.268602,0.91,296666,wiper
1690307460,           2023-07-25 17:51:00,           2023-07-25 20:51:00,3.52,33.763,5.503057,96.16842,0.909,296666,wiper
1690308060,           2023-07-25 18:01:00,           2023-07-25 21:01:00,3.52,33.71,5.26145,91.872066,0.907,296666,wiper
1690308660,           2023-07-25 18:11:00,           2023-07-25 21:11:00,3.52,33.683,5.261256,91.83092,0.907,296666,wiper
1690309260,           2023-07-25 18:21:00,           2023-07-25 21:21:00,3.52,33.648,5.340863,93.170723,0.909,296666,wiper
1690309860,           2023-07-25 18:31:00,           2023-07-25 21:31:00,3.52,33.683,5.429855,94.773677,0.91,296666,wiper
1690310460,           2023-07-25 18:41:00,           2023-07-25 21:41:00,3.52,33.692,5.522692,96.407293,0.911,296666,wiper
1690311060,           2023-07-25 18:51:00,           2023-07-25 21:51:00,3.52,33.719,5.538224,96.718169,0.91,296666,wiper
1690311660,           2023-07-25 19:01:00,           2023-07-25 22:01:00,3.52,33.746,5.517452,96.395023,0.91,296666,wiper
1690312260,           2023-07-25 19:11:00,           2023-07-25 22:11:00,3.52,33.754,5.883786,102.807745,0.911,296666,wiper
1690312860,           2023-07-25 19:21:00,           2023-07-25 22:21:00,3.52,33.728,5.819845,101.650261,0.911,296666,wiper
1690313460,           2023-07-25 19:31:00,           2023-07-25 22:31:00,3.52,33.692,5.838113,101.913465,0.912,296666,wiper
1690314060,           2023-07-25 19:41:00,           2023-07-25 22:41:00,3.52,33.666,5.820966,101.573905,0.912,296666,wiper
1690314660,           2023-07-25 19:51:00,           2023-07-25 22:51:00,3.52,33.621,5.84884,101.990359,0.912,296666,wiper
1690315260,           2023-07-25 20:01:00,           2023-07-25 23:01:00,3.52,33.604,5.829346,101.624092,0.912,296666,wiper
1690315860,           2023-07-25 20:11:00,           2023-07-25 23:11:00,3.52,33.586,5.783227,100.792439,0.912,296666,wiper
1690316460,           2023-07-25 20:21:00,           2023-07-25 23:21:00,3.52,33.595,5.667148,98.78292,0.911,296666,wiper
1690317060,           2023-07-25 20:31:00,           2023-07-25 23:31:00,3.52,33.648,5.410236,94.380915,0.91,296666,wiper
1690317660,           2023-07-25 20:41:00,           2023-07-25 23:41:00,3.52,33.719,5.45029,95.182513,0.911,296666,wiper
1690318260,           2023-07-25 20:51:00,           2023-07-25 23:51:00,3.52,33.728,5.596377,97.747139,0.911,296666,wiper
1690318860,           2023-07-25 21:01:00,           2023-07-26 00:01:00,3.52,33.746,5.753833,100.524828,0.912,296666,wiper
1690319460,           2023-07-25 21:11:00,           2023-07-26 00:11:00,3.52,33.781,5.600815,97.903596,0.911,296666,wiper
1690320060,           2023-07-25 21:21:00,           2023-07-26 00:21:00,3.52,33.861,5.337572,93.41565,0.91,296666,wiper
1690320660,           2023-07-25 21:31:00,           2023-07-26 00:31:00,3.52,33.781,5.166756,90.316138,0.909,296666,wiper
1690321260,           2023-07-25 21:41:00,           2023-07-26 00:41:00,3.52,33.621,5.124491,89.359364,0.91,296666,wiper
1690321860,           2023-07-25 21:51:00,           2023-07-26 00:51:00,3.52,33.559,5.297467,92.28841,0.911,296666,wiper
1690322460,           2023-07-25 22:01:00,           2023-07-26 01:01:00,3.52,33.577,5.381481,93.777773,0.912,296666,wiper
1690323060,           2023-07-25 22:11:00,           2023-07-26 01:11:00,3.52,33.559,5.480555,95.478037,0.911,296666,wiper
1690323660,           2023-07-25 22:21:00,           2023-07-26 01:21:00,3.52,33.533,5.499717,95.773884,0.912,296666,wiper
1690324260,           2023-07-25 22:31:00,           2023-07-26 01:31:00,3.52,33.524,5.470614,95.254011,0.911,296666,wiper
1690324860,           2023-07-25 22:41:00,           2023-07-26 01:41:00,3.52,33.489,5.454223,94.917916,0.912,296666,wiper
1690325460,           2023-07-25 22:51:00,           2023-07-26 01:51:00,3.52,33.489,5.152599,89.668869,0.911,296666,wiper
1690326060,           2023-07-25 23:01:00,           2023-07-26 02:01:00,3.52,33.382,5.116364,88.89299,0.911,296666,wiper
1690326660,           2023-07-25 23:11:00,           2023-07-26 02:11:00,3.52,33.179,5.128641,88.830263,0.911,296666,wiper
1690327260,           2023-07-25 23:21:00,           2023-07-26 02:21:00,3.52,33.047,5.010838,86.614703,0.911,296666,wiper
1690327860,           2023-07-25 23:31:00,           2023-07-26 02:31:00,3.52,32.967,4.917606,84.89901,0.911,296666,wiper
1690328460,           2023-07-25 23:41:00,           2023-07-26 02:41:00,3.52,32.941,4.861824,83.902528,0.911,296666,wiper
1690329060,           2023-07-25 23:51:00,           2023-07-26 02:51:00,3.52,32.915,4.700481,81.085825,0.911,296666,wiper
1690329660,           2023-07-26 00:01:00,           2023-07-26 03:01:00,3.52,32.87,4.617191,79.594082,0.91,296666,wiper
1690330260,           2023-07-26 00:11:00,           2023-07-26 03:11:00,3.52,32.87,4.51969,77.913299,0.91,296666,wiper
1690330860,           2023-07-26 00:21:00,           2023-07-26 03:21:00,3.52,32.879,4.479456,77.230385,0.91,296666,wiper
1690331460,           2023-07-26 00:31:00,           2023-07-26 03:31:00,3.52,32.897,4.436054,76.503196,0.91,296666,wiper
1690332060,           2023-07-26 00:41:00,           2023-07-26 03:41:00,3.52,32.888,4.455338,76.825162,0.91,296666,wiper
1690332660,           2023-07-26 00:51:00,           2023-07-26 03:51:00,3.52,32.897,4.57949,78.976869,0.911,296666,wiper
1690333260,           2023-07-26 01:01:00,           2023-07-26 04:01:00,3.52,32.906,4.436109,76.51471,0.911,296666,wiper
1690333860,           2023-07-26 01:11:00,           2023-07-26 04:11:00,3.52,32.879,4.298957,74.118386,0.911,296666,wiper
1690334460,           2023-07-26 01:21:00,           2023-07-26 04:21:00,3.52,32.862,4.569599,78.763986,0.912,296666,wiper
1690335060,           2023-07-26 01:31:00,           2023-07-26 04:31:00,3.52,32.87,4.484235,77.302105,0.912,296666,wiper
1690335660,           2023-07-26 01:41:00,           2023-07-26 04:41:00,3.52,32.853,4.521195,77.91892,0.912,296666,wiper
1690336260,           2023-07-26 01:51:00,           2023-07-26 04:51:00,3.52,32.826,4.479933,77.175821,0.912,296666,wiper
1690336860,           2023-07-26 02:01:00,           2023-07-26 05:01:00,3.52,32.791,4.385448,75.507553,0.911,296666,wiper
1690337460,           2023-07-26 02:11:00,           2023-07-26 05:11:00,3.52,32.809,4.438735,76.446161,0.911,296666,wiper
1690338060,           2023-07-26 02:21:00,           2023-07-26 05:21:00,3.52,32.844,4.529196,78.046036,0.911,296666,wiper
1690338660,           2023-07-26 02:31:00,           2023-07-26 05:31:00,3.52,32.87,4.594629,79.20514,0.912,296666,wiper
1690339260,           2023-07-26 02:41:00,           2023-07-26 05:41:00,3.52,32.897,4.615752,79.602236,0.912,296666,wiper
1690339860,           2023-07-26 02:51:00,           2023-07-26 05:51:00,3.52,32.87,4.538223,78.232787,0.911,296666,wiper
1690340460,           2023-07-26 03:01:00,           2023-07-26 06:01:00,3.52,32.87,4.610745,79.482955,0.913,296666,wiper
1690341060,           2023-07-26 03:11:00,           2023-07-26 06:11:00,3.52,32.809,4.627275,79.693284,0.912,296666,wiper
1690341660,           2023-07-26 03:21:00,           2023-07-26 06:21:00,3.52,32.862,4.605859,79.388987,0.912,296666,wiper
1690342260,           2023-07-26 03:31:00,           2023-07-26 06:31:00,3.52,32.791,4.505498,77.574543,0.912,296666,wiper
1690342860,           2023-07-26 03:41:00,           2023-07-26 06:41:00,3.52,32.8,4.487829,77.280991,0.912,296666,wiper
1690343460,           2023-07-26 03:51:00,           2023-07-26 06:51:00,3.52,32.818,4.527422,77.984332,0.912,296666,wiper
1690344060,           2023-07-26 04:01:00,           2023-07-26 07:01:00,3.52,32.8,4.559537,78.515822,0.912,296666,wiper
1690344660,           2023-07-26 04:11:00,           2023-07-26 07:11:00,3.52,32.818,4.642642,79.968984,0.912,296666,wiper
1690345260,           2023-07-26 04:21:00,           2023-07-26 07:21:00,3.52,32.826,4.649139,80.090735,0.911,296666,wiper
1690345860,           2023-07-26 04:31:00,           2023-07-26 07:31:00,3.52,32.818,4.637807,79.885712,0.912,296666,wiper
1690346460,           2023-07-26 04:41:00,           2023-07-26 07:41:00,3.52,32.87,4.633307,79.871897,0.911,296666,wiper
1690347060,           2023-07-26 04:51:00,           2023-07-26 07:51:00,3.52,32.897,4.643956,80.088632,0.912,296666,wiper
1690347660,           2023-07-26 05:01:00,           2023-07-26 08:01:00,3.52,32.923,4.622365,79.748072,0.912,296666,wiper
1690348260,           2023-07-26 05:11:00,           2023-07-26 08:11:00,3.52,32.959,4.623401,79.809983,0.911,296666,wiper
1690348860,           2023-07-26 05:21:00,           2023-07-26 08:21:00,3.52,32.967,4.644406,80.182399,0.912,296666,wiper
1690349460,           2023-07-26 05:31:00,           2023-07-26 08:31:00,3.52,33.003,4.682516,80.884958,0.912,296666,wiper
1690350060,           2023-07-26 05:41:00,           2023-07-26 08:41:00,3.52,33.011,4.697075,81.14639,0.912,296666,wiper
1690350660,           2023-07-26 05:51:00,           2023-07-26 08:51:00,3.52,33.047,4.724712,81.668874,0.912,296666,wiper
1690351260,           2023-07-26 06:01:00,           2023-07-26 09:01:00,3.53,33.188,4.706283,81.526077,0.911,296666,wiper
1690351860,           2023-07-26 06:11:00,           2023-07-26 09:11:00,3.53,33.179,4.819084,83.468613,0.911,296666,wiper
1690352460,           2023-07-26 06:21:00,           2023-07-26 09:21:00,3.53,33.214,4.84592,83.978368,0.912,296666,wiper
1690353060,           2023-07-26 06:31:00,           2023-07-26 09:31:00,3.53,33.365,4.843701,84.133827,0.911,296666,wiper
1690353660,           2023-07-26 06:41:00,           2023-07-26 09:41:00,3.53,33.4,4.928603,85.654328,0.911,296666,wiper
1690354260,           2023-07-26 06:51:00,           2023-07-26 09:51:00,3.53,33.453,4.993477,86.851994,0.911,296666,wiper
1690354860,           2023-07-26 07:01:00,           2023-07-26 10:01:00,3.52,33.524,5.095583,88.723993,0.911,296666,wiper
1690355460,           2023-07-26 07:11:00,           2023-07-26 10:11:00,3.52,33.595,5.151733,89.79882,0.911,296666,wiper
1690356060,           2023-07-26 07:21:00,           2023-07-26 10:21:00,3.52,33.737,5.16806,90.278455,0.91,296666,wiper
1690356660,           2023-07-26 07:31:00,           2023-07-26 10:31:00,3.52,33.746,5.197167,90.799347,0.91,296666,wiper
1690357260,           2023-07-26 07:41:00,           2023-07-26 10:41:00,3.52,33.87,5.254527,91.974816,0.91,296666,wiper
1690357860,           2023-07-26 07:51:00,           2023-07-26 10:51:00,3.52,34.003,5.441903,95.447344,0.91,296666,wiper
1690358460,           2023-07-26 08:01:00,           2023-07-26 11:01:00,3.52,34.074,5.498118,96.537327,0.91,296666,wiper
1690359060,           2023-07-26 08:11:00,           2023-07-26 11:11:00,3.52,34.11,5.54278,97.374695,0.909,296666,wiper
1690359660,           2023-07-26 08:21:00,           2023-07-26 11:21:00,3.52,34.181,5.661976,99.575904,0.909,296666,wiper
1690360260,           2023-07-26 08:31:00,           2023-07-26 11:31:00,3.53,34.332,5.705923,100.57868,0.909,296666,wiper
1690360860,           2023-07-26 08:41:00,           2023-07-26 11:41:00,3.53,34.377,5.751486,101.450934,0.909,296666,wiper
1690361460,           2023-07-26 08:51:00,           2023-07-26 11:51:00,3.52,34.261,6.097737,107.369665,0.909,296666,wiper
1690362060,           2023-07-26 09:01:00,           2023-07-26 12:01:00,3.53,34.305,6.181258,108.912906,0.909,296666,wiper
1690362660,           2023-07-26 09:11:00,           2023-07-26 12:11:00,3.53,34.305,6.273299,110.53465,0.909,296666,wiper
1690363260,           2023-07-26 09:21:00,           2023-07-26 12:21:00,3.53,34.368,6.322278,111.503995,0.91,296666,wiper
1690363860,           2023-07-26 09:31:00,           2023-07-26 12:31:00,3.53,34.439,6.356798,112.233366,0.909,296666,wiper
1690364460,           2023-07-26 09:41:00,           2023-07-26 12:41:00,3.52,34.582,6.5349,115.627663,0.909,296666,wiper
1690365060,           2023-07-26 09:51:00,           2023-07-26 12:51:00,3.52,34.814,6.762341,120.071891,0.909,296666,wiper
1690365660,           2023-07-26 10:01:00,           2023-07-26 13:01:00,3.52,35.011,7.06636,125.843233,0.909,296666,wiper
1690366260,           2023-07-26 10:11:00,           2023-07-26 13:11:00,3.52,35.154,7.354647,131.259549,0.909,296666,wiper
1690366860,           2023-07-26 10:21:00,           2023-07-26 13:21:00,3.52,35.262,7.471302,133.558294,0.908,296666,wiper
1690367460,           2023-07-26 10:31:00,           2023-07-26 13:31:00,3.52,35.396,7.64889,137.008506,0.907,296666,wiper
1690368060,           2023-07-26 10:41:00,           2023-07-26 13:41:00,3.52,35.495,7.526974,135.025269,0.908,296666,wiper
1690368660,           2023-07-26 10:51:00,           2023-07-26 13:51:00,3.52,35.63,7.586546,136.369815,0.907,296666,wiper
1690369260,           2023-07-26 11:01:00,           2023-07-26 14:01:00,3.52,35.576,7.703274,138.355947,0.907,296666,wiper
1690369860,           2023-07-26 11:11:00,           2023-07-26 14:11:00,3.52,35.675,7.753617,139.467018,0.907,296666,wiper
1690370460,           2023-07-26 11:21:00,           2023-07-26 14:21:00,3.52,35.711,7.810606,140.567915,0.907,296666,wiper
1690371060,           2023-07-26 11:31:00,           2023-07-26 14:31:00,3.52,35.783,7.690808,138.561294,0.906,296666,wiper
1690371660,           2023-07-26 11:41:00,           2023-07-26 14:41:00,3.52,35.792,7.702225,138.785684,0.906,296666,wiper
1690372260,           2023-07-26 11:51:00,           2023-07-26 14:51:00,3.52,35.927,7.795826,140.756434,0.906,296666,wiper
1690372860,           2023-07-26 12:01:00,           2023-07-26 15:01:00,3.52,35.918,7.777125,140.399869,0.905,296666,wiper
1690373460,           2023-07-26 12:11:00,           2023-07-26 15:11:00,3.52,35.954,7.754025,140.05828,0.906,296666,wiper
1690374060,           2023-07-26 12:21:00,           2023-07-26 15:21:00,3.52,35.873,7.676343,138.487177,0.906,296666,wiper
1690374660,           2023-07-26 12:31:00,           2023-07-26 15:31:00,3.53,35.873,7.652072,138.049296,0.907,296666,wiper
1690375260,           2023-07-26 12:41:00,           2023-07-26 15:41:00,3.52,35.846,7.693062,138.732703,0.907,296666,wiper
1690375860,           2023-07-26 12:51:00,           2023-07-26 15:51:00,3.52,35.846,7.626721,137.536354,0.906,296666,wiper
1690376460,           2023-07-26 13:01:00,           2023-07-26 16:01:00,3.52,35.837,7.647666,137.895477,0.906,296666,wiper
1690377060,           2023-07-26 13:11:00,           2023-07-26 16:11:00,3.52,35.747,7.627349,137.343897,0.907,296666,wiper
1690377660,           2023-07-26 13:21:00,           2023-07-26 16:21:00,3.53,35.729,7.591577,136.662898,0.907,296666,wiper
1690378260,           2023-07-26 13:31:00,           2023-07-26 16:31:00,3.53,35.594,7.550601,135.650447,0.907,296666,wiper
1690378860,           2023-07-26 13:41:00,           2023-07-26 16:41:00,3.53,35.513,7.535239,135.210061,0.908,296666,wiper
1690379460,           2023-07-26 13:51:00,           2023-07-26 16:51:00,3.52,35.378,7.536322,134.955675,0.908,296666,wiper
1690380060,           2023-07-26 14:01:00,           2023-07-26 17:01:00,3.52,35.306,7.521861,134.551068,0.908,296666,wiper
1690380660,           2023-07-26 14:11:00,           2023-07-26 17:11:00,3.52,35.262,7.660469,136.939883,0.909,296666,wiper
1690381260,           2023-07-26 14:21:00,           2023-07-26 17:21:00,3.52,35.351,7.660563,137.124861,0.908,296666,wiper
1690381860,           2023-07-26 14:31:00,           2023-07-26 17:31:00,3.52,35.217,7.503999,134.052056,0.909,296666,wiper
1690382460,           2023-07-26 14:41:00,           2023-07-26 17:41:00,3.52,35.1,7.543246,134.516145,0.909,296666,wiper
1690383060,           2023-07-26 14:51:00,           2023-07-26 17:51:00,3.53,34.903,7.44673,132.40149,0.909,296666,wiper
1690383660,           2023-07-26 15:01:00,           2023-07-26 18:01:00,3.53,34.68,7.33627,129.999332,0.91,296666,wiper
1690384260,           2023-07-26 15:11:00,           2023-07-26 18:11:00,3.53,34.537,7.34294,129.83665,0.911,296666,wiper
1690384860,           2023-07-26 15:21:00,           2023-07-26 18:21:00,3.53,34.466,7.347892,129.784776,0.911,296666,wiper
1690385460,           2023-07-26 15:31:00,           2023-07-26 18:31:00,3.53,34.403,7.243105,127.812017,0.911,296666,wiper
1690386060,           2023-07-26 15:41:00,           2023-07-26 18:41:00,3.53,34.305,7.209046,127.022379,0.911,296666,wiper
1690386660,           2023-07-26 15:51:00,           2023-07-26 18:51:00,3.53,34.27,7.16511,126.181295,0.911,296666,wiper
1690387260,           2023-07-26 16:01:00,           2023-07-26 19:01:00,3.52,34.145,7.106589,124.913756,0.912,296666,wiper
1690387860,           2023-07-26 16:11:00,           2023-07-26 19:11:00,3.53,34.021,7.006934,122.930538,0.912,296666,wiper
1690388460,           2023-07-26 16:21:00,           2023-07-26 19:21:00,3.53,33.861,6.941668,121.489771,0.912,296666,wiper
1690389060,           2023-07-26 16:31:00,           2023-07-26 19:31:00,3.53,33.754,6.793018,118.694805,0.911,296666,wiper
1690389660,           2023-07-26 16:41:00,           2023-07-26 19:41:00,3.53,33.63,6.724918,117.283227,0.912,296666,wiper
1690390260,           2023-07-26 16:51:00,           2023-07-26 19:51:00,3.53,33.551,6.62902,115.471626,0.912,296666,wiper
1690390860,           2023-07-26 17:01:00,           2023-07-26 20:01:00,3.53,33.489,6.568778,114.314124,0.912,296666,wiper
1690391460,           2023-07-26 17:11:00,           2023-07-26 20:11:00,3.53,33.418,6.513303,113.225985,0.912,296666,wiper
1690392060,           2023-07-26 17:21:00,           2023-07-26 20:21:00,3.53,33.365,6.426551,111.627535,0.912,296666,wiper
1690392660,           2023-07-26 17:31:00,           2023-07-26 20:31:00,3.53,33.303,6.443742,111.820179,0.914,296666,wiper
1690393260,           2023-07-26 17:41:00,           2023-07-26 20:41:00,3.53,33.285,6.185581,107.310718,0.912,296666,wiper
1690393860,           2023-07-26 17:51:00,           2023-07-26 20:51:00,3.53,33.126,5.928701,102.604415,0.912,296666,wiper
1690394460,           2023-07-26 18:01:00,           2023-07-26 21:01:00,3.53,33.047,5.661272,97.857757,0.911,296666,wiper
1690395060,           2023-07-26 18:11:00,           2023-07-26 21:11:00,3.53,32.994,5.477106,94.597511,0.912,296666,wiper
1690395660,           2023-07-26 18:21:00,           2023-07-26 21:21:00,3.53,32.941,5.377582,92.803177,0.912,296666,wiper
1690396260,           2023-07-26 18:31:00,           2023-07-26 21:31:00,3.53,32.915,5.302445,91.470037,0.911,296666,wiper
1690396860,           2023-07-26 18:41:00,           2023-07-26 21:41:00,3.53,32.915,5.230725,90.232829,0.911,296666,wiper
1690397460,           2023-07-26 18:51:00,           2023-07-26 21:51:00,3.53,32.915,5.200909,89.718484,0.912,296666,wiper
1690398060,           2023-07-26 19:01:00,           2023-07-26 22:01:00,3.53,32.941,5.256701,90.717087,0.911,296666,wiper
1690398660,           2023-07-26 19:11:00,           2023-07-26 22:11:00,3.53,32.976,5.352859,92.426095,0.912,296666,wiper
1690399260,           2023-07-26 19:21:00,           2023-07-26 22:21:00,3.52,33.011,5.411952,93.49657,0.912,296666,wiper
1690399860,           2023-07-26 19:31:00,           2023-07-26 22:31:00,3.53,33.082,5.55918,96.144562,0.912,296666,wiper
1690400460,           2023-07-26 19:41:00,           2023-07-26 22:41:00,3.53,33.126,5.518408,95.503715,0.911,296666,wiper
1690401060,           2023-07-26 19:51:00,           2023-07-26 22:51:00,3.53,33.17,5.629182,97.486426,0.912,296666,wiper
1690401660,           2023-07-26 20:01:00,           2023-07-26 23:01:00,3.53,33.144,5.294449,91.653051,0.911,296666,wiper
1690402260,           2023-07-26 20:11:00,           2023-07-26 23:11:00,3.53,33.1,5.162742,89.312881,0.911,296666,wiper
1690402860,           2023-07-26 20:21:00,           2023-07-26 23:21:00,3.53,33.1,5.127276,88.699334,0.911,296666,wiper
1690403460,           2023-07-26 20:31:00,           2023-07-26 23:31:00,3.53,33.135,5.137197,88.918576,0.911,296666,wiper
1690404060,           2023-07-26 20:41:00,           2023-07-26 23:41:00,3.53,33.206,5.021611,87.012393,0.911,296666,wiper
1690404660,           2023-07-26 20:51:00,           2023-07-26 23:51:00,3.53,33.197,4.886115,84.652913,0.91,296666,wiper
1690405260,           2023-07-26 21:01:00,           2023-07-27 00:01:00,3.53,33.241,4.840457,83.918327,0.91,296666,wiper
1690405860,           2023-07-26 21:11:00,           2023-07-27 00:11:00,3.53,33.303,4.843288,84.047024,0.911,296666,wiper
1690406460,           2023-07-26 21:21:00,           2023-07-27 00:21:00,3.53,33.25,4.845354,84.014788,0.911,296666,wiper
1690407060,           2023-07-26 21:31:00,           2023-07-27 00:31:00,3.53,33.214,4.726606,81.910692,0.91,296666,wiper
1690407660,           2023-07-26 21:41:00,           2023-07-27 00:41:00,3.53,33.25,4.789725,83.050226,0.91,296666,wiper
1690408260,           2023-07-26 21:51:00,           2023-07-27 00:51:00,3.53,33.25,4.641381,80.478059,0.91,296666,wiper
1690408860,           2023-07-26 22:01:00,           2023-07-27 01:01:00,3.53,33.223,4.694417,81.364065,0.911,296666,wiper
1690409460,           2023-07-26 22:11:00,           2023-07-27 01:11:00,3.53,33.197,4.810336,83.340032,0.911,296666,wiper
1690410060,           2023-07-26 22:21:00,           2023-07-27 01:21:00,3.53,33.197,4.853062,84.080273,0.911,296666,wiper
1690410660,           2023-07-26 22:31:00,           2023-07-27 01:31:00,3.53,33.206,4.842642,83.911294,0.911,296666,wiper
1690411260,           2023-07-26 22:41:00,           2023-07-27 01:41:00,3.53,33.223,4.940304,85.625793,0.911,296666,wiper
1690411860,           2023-07-26 22:51:00,           2023-07-27 01:51:00,3.53,33.188,4.911045,85.073118,0.911,296666,wiper
1690412460,           2023-07-26 23:01:00,           2023-07-27 02:01:00,3.53,33.144,4.39565,76.093801,0.91,296666,wiper
1690413060,           2023-07-26 23:11:00,           2023-07-27 02:11:00,3.53,33.144,4.599593,79.624285,0.911,296666,wiper
1690413660,           2023-07-26 23:21:00,           2023-07-27 02:21:00,3.53,33.188,4.563595,79.054321,0.911,296666,wiper
1690414260,           2023-07-26 23:31:00,           2023-07-27 02:31:00,3.53,33.206,4.441171,76.954772,0.91,296666,wiper
1690414860,           2023-07-26 23:41:00,           2023-07-27 02:41:00,3.53,33.268,4.39237,76.181341,0.91,296666,wiper
1690415460,           2023-07-26 23:51:00,           2023-07-27 02:51:00,3.53,33.285,4.279597,74.244694,0.91,296666,wiper
1690416060,           2023-07-27 00:01:00,           2023-07-27 03:01:00,3.53,33.312,4.190258,72.724797,0.91,296666,wiper
1690416660,           2023-07-27 00:11:00,           2023-07-27 03:11:00,3.53,33.356,4.307429,74.808653,0.91,296666,wiper
1690417260,           2023-07-27 00:21:00,           2023-07-27 03:21:00,3.53,33.338,4.420207,76.746194,0.91,296666,wiper
1690417860,           2023-07-27 00:31:00,           2023-07-27 03:31:00,3.53,33.329,4.500782,78.134452,0.91,296666,wiper
1690418460,           2023-07-27 00:41:00,           2023-07-27 03:41:00,3.53,33.338,4.558086,79.140138,0.91,296666,wiper
1690419060,           2023-07-27 00:51:00,           2023-07-27 03:51:00,3.53,33.338,4.519383,78.468153,0.91,296666,wiper
1690419660,           2023-07-27 01:01:00,           2023-07-27 04:01:00,3.53,33.347,4.585558,79.628056,0.911,296666,wiper
1690420260,           2023-07-27 01:11:00,           2023-07-27 04:11:00,3.53,33.285,4.82785,83.756071,0.911,296666,wiper
1690420860,           2023-07-27 01:21:00,           2023-07-27 04:21:00,3.53,33.285,4.843975,84.035817,0.911,296666,wiper
1690421460,           2023-07-27 01:31:00,           2023-07-27 04:31:00,3.53,33.232,4.85249,84.115366,0.911,296666,wiper
1690422060,           2023-07-27 01:41:00,           2023-07-27 04:41:00,3.53,33.126,4.365717,75.554794,0.91,296666,wiper
1690422660,           2023-07-27 01:51:00,           2023-07-27 04:51:00,3.52,32.959,4.304268,74.301049,0.91,296666,wiper
1690423260,           2023-07-27 02:01:00,           2023-07-27 05:01:00,3.53,32.844,4.33823,74.755356,0.912,296666,wiper
1690423860,           2023-07-27 02:11:00,           2023-07-27 05:11:00,3.53,32.756,4.318365,74.312584,0.912,296666,wiper
1690424460,           2023-07-27 02:21:00,           2023-07-27 05:21:00,3.53,32.677,4.44195,76.346579,0.912,296666,wiper
1690425060,           2023-07-27 02:31:00,           2023-07-27 05:31:00,3.53,32.589,4.40677,75.639519,0.912,296666,wiper
1690425660,           2023-07-27 02:41:00,           2023-07-27 05:41:00,3.53,32.501,4.17267,71.524409,0.911,296666,wiper
1690426260,           2023-07-27 02:51:00,           2023-07-27 05:51:00,3.53,32.343,3.963201,67.768723,0.912,296666,wiper
1690426860,           2023-07-27 03:01:00,           2023-07-27 06:01:00,3.53,32.22,3.847394,65.663773,0.912,296666,wiper
1690427460,           2023-07-27 03:11:00,           2023-07-27 06:11:00,3.53,32.08,3.750049,63.864126,0.912,296666,wiper
1690428060,           2023-07-27 03:21:00,           2023-07-27 06:21:00,3.53,31.922,3.58827,60.959815,0.912,296666,wiper
1690428660,           2023-07-27 03:31:00,           2023-07-27 06:31:00,3.53,31.8,3.504779,59.429007,0.912,296666,wiper
1690429260,           2023-07-27 03:41:00,           2023-07-27 06:41:00,3.53,31.686,3.299077,55.842195,0.912,296666,wiper
1690429860,           2023-07-27 03:51:00,           2023-07-27 06:51:00,3.53,31.669,3.141328,53.158009,0.912,296666,wiper
1690430460,           2023-07-27 04:01:00,           2023-07-27 07:01:00,3.53,31.608,2.854701,48.261945,0.911,296666,wiper
1690431060,           2023-07-27 04:11:00,           2023-07-27 07:11:00,3.53,31.555,3.114278,52.607048,0.912,296666,wiper
1690431660,           2023-07-27 04:21:00,           2023-07-27 07:21:00,3.53,31.695,3.271767,55.387667,0.912,296666,wiper
1690432260,           2023-07-27 04:31:00,           2023-07-27 07:31:00,3.53,31.791,3.326119,56.391671,0.912,296666,wiper
1690432860,           2023-07-27 04:41:00,           2023-07-27 07:41:00,3.53,32.001,3.511407,59.726996,0.912,296666,wiper
1690433460,           2023-07-27 04:51:00,           2023-07-27 07:51:00,3.53,32.185,3.563837,60.791426,0.912,296666,wiper
1690434060,           2023-07-27 05:01:00,           2023-07-27 08:01:00,3.53,32.369,3.71614,63.569568,0.912,296666,wiper
1690434660,           2023-07-27 05:11:00,           2023-07-27 08:11:00,3.53,32.527,3.980328,68.254765,0.912,296666,wiper
1690435260,           2023-07-27 05:21:00,           2023-07-27 08:21:00,3.53,32.668,4.242114,72.901786,0.912,296666,wiper
1690435860,           2023-07-27 05:31:00,           2023-07-27 08:31:00,3.53,32.809,4.464519,76.890212,0.911,296666,wiper
1690436460,           2023-07-27 05:41:00,           2023-07-27 08:41:00,3.52,32.941,4.64585,80.175381,0.911,296666,wiper
1690437060,           2023-07-27 05:51:00,           2023-07-27 08:51:00,3.52,33.064,4.798976,82.974156,0.91,296666,wiper
1690437660,           2023-07-27 06:01:00,           2023-07-27 09:01:00,3.53,33.206,5.024836,87.068269,0.91,296666,wiper
1690438260,           2023-07-27 06:11:00,           2023-07-27 09:11:00,3.53,33.329,5.094221,88.436666,0.91,296666,wiper
1690438860,           2023-07-27 06:21:00,           2023-07-27 09:21:00,3.53,33.444,5.226473,90.892043,0.91,296666,wiper
1690439460,           2023-07-27 06:31:00,           2023-07-27 09:31:00,3.53,33.604,5.380873,93.805772,0.91,296666,wiper
1690440060,           2023-07-27 06:41:00,           2023-07-27 09:41:00,3.53,33.746,5.521485,96.465497,0.91,296666,wiper
1690440660,           2023-07-27 06:51:00,           2023-07-27 09:51:00,3.53,33.825,5.580979,97.622186,0.91,296666,wiper
1690441260,           2023-07-27 07:01:00,           2023-07-27 10:01:00,3.52,33.941,5.698064,99.84615,0.91,296666,wiper
1690441860,           2023-07-27 07:11:00,           2023-07-27 10:11:00,3.52,34.047,5.801384,101.820404,0.909,296666,wiper
1690442460,           2023-07-27 07:21:00,           2023-07-27 10:21:00,3.52,34.154,5.857114,102.965583,0.908,296666,wiper
1690443060,           2023-07-27 07:31:00,           2023-07-27 10:31:00,3.53,34.243,5.911908,104.069177,0.909,296666,wiper
1690443660,           2023-07-27 07:41:00,           2023-07-27 10:41:00,3.53,34.305,5.957616,104.972353,0.909,296666,wiper
1690444260,           2023-07-27 07:51:00,           2023-07-27 10:51:00,3.53,34.403,6.06176,106.965977,0.908,296666,wiper
1690444860,           2023-07-27 08:01:00,           2023-07-27 11:01:00,3.53,34.457,6.092079,107.588878,0.908,296666,wiper
1690445460,           2023-07-27 08:11:00,           2023-07-27 11:11:00,3.53,34.492,6.191698,109.406101,0.908,296666,wiper
1690446060,           2023-07-27 08:21:00,           2023-07-27 11:21:00,3.53,34.662,6.538024,115.82286,0.908,296666,wiper
1690446660,           2023-07-27 08:31:00,           2023-07-27 11:31:00,3.52,34.868,6.892106,122.475711,0.909,296666,wiper
1690447260,           2023-07-27 08:41:00,           2023-07-27 11:41:00,3.52,34.921,6.631595,117.940539,0.907,296666,wiper
1690447860,           2023-07-27 08:51:00,           2023-07-27 11:51:00,3.53,34.769,6.573699,116.643139,0.908,296666,wiper
1690448460,           2023-07-27 09:01:00,           2023-07-27 12:01:00,3.53,34.608,6.503627,115.119556,0.908,296666,wiper
1690449060,           2023-07-27 09:11:00,           2023-07-27 12:11:00,3.53,34.591,6.474403,114.572812,0.908,296666,wiper
1690449660,           2023-07-27 09:21:00,           2023-07-27 12:21:00,3.53,34.689,6.673162,118.265074,0.909,296666,wiper
1690450260,           2023-07-27 09:31:00,           2023-07-27 12:31:00,3.52,34.85,6.861237,121.894075,0.908,296666,wiper
1690450860,           2023-07-27 09:41:00,           2023-07-27 12:41:00,3.52,35.038,7.061765,125.812552,0.908,296666,wiper
1690451460,           2023-07-27 09:51:00,           2023-07-27 12:51:00,3.52,35.118,7.090805,126.482176,0.907,296666,wiper
1690452060,           2023-07-27 10:01:00,           2023-07-27 13:01:00,3.52,35.136,7.138662,127.370335,0.907,296666,wiper
1690452660,           2023-07-27 10:11:00,           2023-07-27 13:11:00,3.52,35.288,7.288044,130.333282,0.907,296666,wiper
1690453260,           2023-07-27 10:21:00,           2023-07-27 13:21:00,3.52,35.396,7.450795,133.460188,0.906,296666,wiper
1690453860,           2023-07-27 10:31:00,           2023-07-27 13:31:00,3.53,35.873,7.898834,142.501087,0.906,296666,wiper
1690454460,           2023-07-27 10:41:00,           2023-07-27 13:41:00,3.52,36.071,7.977759,144.351826,0.906,296666,wiper
1690455060,           2023-07-27 10:51:00,           2023-07-27 13:51:00,3.52,36.134,8.032639,145.481754,0.905,296666,wiper
1690455660,           2023-07-27 11:01:00,           2023-07-27 14:01:00,3.52,36.198,8.122343,147.247106,0.905,296666,wiper
1690456260,           2023-07-27 11:11:00,           2023-07-27 14:11:00,3.52,36.098,8.038737,145.51389,0.905,296666,wiper
1690456860,           2023-07-27 11:21:00,           2023-07-27 14:21:00,3.52,35.891,7.764714,140.119189,0.904,296666,wiper
1690457460,           2023-07-27 11:31:00,           2023-07-27 14:31:00,3.53,35.783,7.75957,139.800141,0.906,296666,wiper
1690458060,           2023-07-27 11:41:00,           2023-07-27 14:41:00,3.53,35.63,7.520224,135.177669,0.906,296666,wiper
1690458660,           2023-07-27 11:51:00,           2023-07-27 14:51:00,3.52,35.405,7.257638,130.017887,0.907,296666,wiper
1690459260,           2023-07-27 12:01:00,           2023-07-27 15:01:00,3.52,35.262,7.175425,128.269143,0.907,296666,wiper
1690459860,           2023-07-27 12:11:00,           2023-07-27 15:11:00,3.52,35.082,7.036315,125.442223,0.908,296666,wiper
1690460460,           2023-07-27 12:21:00,           2023-07-27 15:21:00,3.53,34.885,6.90923,122.811497,0.908,296666,wiper
1690461060,           2023-07-27 12:31:00,           2023-07-27 15:31:00,3.53,34.841,6.912864,122.794584,0.909,296666,wiper
1690461660,           2023-07-27 12:41:00,           2023-07-27 15:41:00,3.53,34.733,6.864204,121.731676,0.909,296666,wiper
1690462260,           2023-07-27 12:51:00,           2023-07-27 15:51:00,3.53,34.653,6.8562,121.442913,0.909,296666,wiper
1690462860,           2023-07-27 13:01:00,           2023-07-27 16:01:00,3.53,34.564,6.791577,120.136575,0.909,296666,wiper
1690463460,           2023-07-27 13:11:00,           2023-07-27 16:11:00,3.53,34.528,6.897046,121.935846,0.91,296666,wiper
1690464060,           2023-07-27 13:21:00,           2023-07-27 16:21:00,3.53,34.439,6.781554,119.732699,0.91,296666,wiper
1690464660,           2023-07-27 13:31:00,           2023-07-27 16:31:00,3.53,34.377,6.725274,118.627661,0.91,296666,wiper
1690465260,           2023-07-27 13:41:00,           2023-07-27 16:41:00,3.53,34.323,6.693296,117.9671,0.91,296666,wiper
1690465860,           2023-07-27 13:51:00,           2023-07-27 16:51:00,3.53,34.305,6.672949,117.576432,0.909,296666,wiper
1690466460,           2023-07-27 14:01:00,           2023-07-27 17:01:00,3.53,34.234,6.640826,116.884593,0.91,296666,wiper
1690467060,           2023-07-27 14:11:00,           2023-07-27 17:11:00,3.52,34.199,6.617101,116.405241,0.911,296666,wiper
1690467660,           2023-07-27 14:21:00,           2023-07-27 17:21:00,3.52,34.154,6.583603,115.736948,0.91,296666,wiper
1690468260,           2023-07-27 14:31:00,           2023-07-27 17:31:00,3.52,34.118,6.601848,115.994311,0.91,296666,wiper
1690468860,           2023-07-27 14:41:00,           2023-07-27 17:41:00,3.52,34.065,6.611059,116.06277,0.91,296666,wiper
1690469460,           2023-07-27 14:51:00,           2023-07-27 17:51:00,3.53,34.021,6.611472,115.992509,0.911,296666,wiper
1690470060,           2023-07-27 15:01:00,           2023-07-27 18:01:00,3.53,33.994,6.58137,115.417055,0.911,296666,wiper
1690470660,           2023-07-27 15:11:00,           2023-07-27 18:11:00,3.53,33.923,6.562983,114.970514,0.911,296666,wiper
1690471260,           2023-07-27 15:21:00,           2023-07-27 18:21:00,3.53,33.852,6.542178,114.482414,0.911,296666,wiper
1690471860,           2023-07-27 15:31:00,           2023-07-27 18:31:00,3.53,33.808,6.526456,114.130899,0.911,296666,wiper
1690472460,           2023-07-27 15:41:00,           2023-07-27 18:41:00,3.53,33.772,6.483376,113.315459,0.911,296666,wiper
1690473060,           2023-07-27 15:51:00,           2023-07-27 18:51:00,3.53,33.648,6.441141,112.364933,0.911,296666,wiper
1690473660,           2023-07-27 16:01:00,           2023-07-27 19:01:00,3.53,33.595,6.381793,111.239747,0.912,296666,wiper
1690474260,           2023-07-27 16:11:00,           2023-07-27 19:11:00,3.53,33.497,6.32771,110.13234,0.911,296666,wiper
1690474860,           2023-07-27 16:21:00,           2023-07-27 19:21:00,3.53,33.382,6.242044,108.450848,0.912,296666,wiper
1690475460,           2023-07-27 16:31:00,           2023-07-27 19:31:00,3.53,33.312,6.105989,105.973617,0.911,296666,wiper
1690476060,           2023-07-27 16:41:00,           2023-07-27 19:41:00,3.53,33.214,6.037447,104.627183,0.911,296666,wiper
1690476660,           2023-07-27 16:51:00,           2023-07-27 19:51:00,3.53,33.135,5.934417,102.717489,0.911,296666,wiper
1690477260,           2023-07-27 17:01:00,           2023-07-27 20:01:00,3.53,32.976,5.696983,98.367972,0.911,296666,wiper
1690477860,           2023-07-27 17:11:00,           2023-07-27 20:11:00,3.53,32.87,5.580113,96.193545,0.912,296666,wiper
1690478460,           2023-07-27 17:21:00,           2023-07-27 20:21:00,3.53,32.835,5.498461,94.735093,0.912,296666,wiper
1690479060,           2023-07-27 17:31:00,           2023-07-27 20:31:00,3.53,32.782,5.411042,93.153102,0.912,296666,wiper
1690479660,           2023-07-27 17:41:00,           2023-07-27 20:41:00,3.53,32.747,5.30685,91.310303,0.912,296666,wiper
1690480260,           2023-07-27 17:51:00,           2023-07-27 20:51:00,3.53,32.73,5.135124,88.3325,0.911,296666,wiper
1690480860,           2023-07-27 18:01:00,           2023-07-27 21:01:00,3.53,32.668,4.990485,85.762735,0.912,296666,wiper
1690481460,           2023-07-27 18:11:00,           2023-07-27 21:11:00,3.53,32.642,4.823558,82.860934,0.912,296666,wiper
1690482060,           2023-07-27 18:21:00,           2023-07-27 21:21:00,3.53,32.633,4.759056,81.741573,0.911,296666,wiper
1690482660,           2023-07-27 18:31:00,           2023-07-27 21:31:00,3.53,32.624,4.750135,81.577068,0.912,296666,wiper
1690483260,           2023-07-27 18:41:00,           2023-07-27 21:41:00,3.53,32.633,4.713946,80.966771,0.912,296666,wiper
1690483860,           2023-07-27 18:51:00,           2023-07-27 21:51:00,3.53,32.659,4.629533,79.548683,0.912,296666,wiper
1690484460,           2023-07-27 19:01:00,           2023-07-27 22:01:00,3.53,32.633,4.39979,75.570831,0.911,296666,wiper
1690485060,           2023-07-27 19:11:00,           2023-07-27 22:11:00,3.53,32.624,4.365904,74.978414,0.911,296666,wiper
1690485660,           2023-07-27 19:21:00,           2023-07-27 22:21:00,3.53,32.633,4.340987,74.560822,0.911,296666,wiper
1690486260,           2023-07-27 19:31:00,           2023-07-27 22:31:00,3.53,32.712,4.384162,75.393873,0.912,296666,wiper
1690486860,           2023-07-27 19:41:00,           2023-07-27 22:41:00,3.53,32.8,4.470909,76.989627,0.911,296666,wiper
1690487460,           2023-07-27 19:51:00,           2023-07-27 22:51:00,3.53,32.906,4.548925,78.460588,0.911,296666,wiper
1690488060,           2023-07-27 20:01:00,           2023-07-27 23:01:00,3.53,32.932,4.538613,78.313932,0.911,296666,wiper
1690488660,           2023-07-27 20:11:00,           2023-07-27 23:11:00,3.53,32.994,4.61073,79.633955,0.911,296666,wiper
1690489260,           2023-07-27 20:21:00,           2023-07-27 23:21:00,3.53,33.047,4.587694,79.300449,0.91,296666,wiper
1690489860,           2023-07-27 20:31:00,           2023-07-27 23:31:00,3.53,33.1,4.63881,80.249123,0.91,296666,wiper
1690490460,           2023-07-27 20:41:00,           2023-07-27 23:41:00,3.53,33.073,4.408922,76.240649,0.91,296666,wiper
1690491060,           2023-07-27 20:51:00,           2023-07-27 23:51:00,3.52,33.056,4.507957,77.932899,0.91,296666,wiper
1690491660,           2023-07-27 21:01:00,           2023-07-28 00:01:00,3.52,33.02,4.365884,75.435154,0.91,296666,wiper
1690492260,           2023-07-27 21:11:00,           2023-07-28 00:11:00,3.53,33.064,4.405644,76.173452,0.911,296666,wiper
1690492860,           2023-07-27 21:21:00,           2023-07-28 00:21:00,3.53,33.1,4.064904,70.320821,0.91,296666,wiper
1690493460,           2023-07-27 21:31:00,           2023-07-28 00:31:00,3.53,33.188,3.957373,68.552846,0.911,296666,wiper
1690494060,           2023-07-27 21:41:00,           2023-07-28 00:41:00,3.53,33.303,4.285347,74.364896,0.91,296666,wiper
1690494660,           2023-07-27 21:51:00,           2023-07-28 00:51:00,3.53,33.232,4.064031,70.447842,0.91,296666,wiper
1690495260,           2023-07-27 22:01:00,           2023-07-28 01:01:00,3.53,33.206,3.838965,66.51999,0.909,296666,wiper
1690495860,           2023-07-27 22:11:00,           2023-07-28 01:11:00,3.53,33.259,3.869075,67.096079,0.909,296666,wiper
1690496460,           2023-07-27 22:21:00,           2023-07-28 01:21:00,3.53,33.321,4.018569,69.754611,0.91,296666,wiper
1690497060,           2023-07-27 22:31:00,           2023-07-28 01:31:00,3.53,33.4,4.329462,75.241833,0.91,296666,wiper
1690497660,           2023-07-27 22:41:00,           2023-07-28 01:41:00,3.53,33.329,3.995231,69.357974,0.91,296666,wiper
1690498260,           2023-07-27 22:51:00,           2023-07-28 01:51:00,3.53,33.427,4.832823,84.024381,0.91,296666,wiper
1690498860,           2023-07-27 23:01:00,           2023-07-28 02:01:00,3.53,33.329,4.059735,70.47778,0.91,296666,wiper
1690499460,           2023-07-27 23:11:00,           2023-07-28 02:11:00,3.53,33.321,4.120969,71.532066,0.91,296666,wiper
1690500060,           2023-07-27 23:21:00,           2023-07-28 02:21:00,3.53,33.206,3.625331,62.818227,0.909,296666,wiper
1690500660,           2023-07-27 23:31:00,           2023-07-28 02:31:00,3.53,33.25,4.075418,70.664685,0.91,296666,wiper
1690501260,           2023-07-27 23:41:00,           2023-07-28 02:41:00,3.53,33.321,4.39269,76.24862,0.91,296666,wiper
1690501860,           2023-07-27 23:51:00,           2023-07-28 02:51:00,3.53,33.356,4.663022,80.984358,0.91,296666,wiper
1690502460,           2023-07-28 00:01:00,           2023-07-28 03:01:00,3.53,33.356,4.603354,79.948072,0.91,296666,wiper
1690503060,           2023-07-28 00:11:00,           2023-07-28 03:11:00,3.53,33.329,4.53626,78.750345,0.91,296666,wiper
1690503660,           2023-07-28 00:21:00,           2023-07-28 03:21:00,3.53,33.338,4.742732,82.346062,0.91,296666,wiper
1690504260,           2023-07-28 00:31:00,           2023-07-28 03:31:00,3.53,33.338,4.735475,82.220065,0.909,296666,wiper
1690504860,           2023-07-28 00:41:00,           2023-07-28 03:41:00,3.53,33.321,4.453162,77.298298,0.91,296666,wiper
1690505460,           2023-07-28 00:51:00,           2023-07-28 03:51:00,3.53,33.329,4.545935,78.918316,0.91,296666,wiper
1690506060,           2023-07-28 01:01:00,           2023-07-28 04:01:00,3.53,33.347,4.434775,77.009726,0.909,296666,wiper
1690506660,           2023-07-28 01:11:00,           2023-07-28 04:11:00,3.53,33.347,4.383977,76.127614,0.91,296666,wiper
1690507260,           2023-07-28 01:21:00,           2023-07-28 04:21:00,3.53,33.329,4.475787,77.700527,0.91,296666,wiper
1690507860,           2023-07-28 01:31:00,           2023-07-28 04:31:00,3.53,33.312,4.620814,80.197385,0.91,296666,wiper
1690508460,           2023-07-28 01:41:00,           2023-07-28 04:41:00,3.53,33.268,4.618116,80.096681,0.909,296666,wiper
1690509060,           2023-07-28 01:51:00,           2023-07-28 04:51:00,3.53,33.197,4.67732,81.035506,0.91,296666,wiper
1690509660,           2023-07-28 02:01:00,           2023-07-28 05:01:00,3.52,32.967,4.559786,78.721501,0.91,296666,wiper
1690510260,           2023-07-28 02:11:00,           2023-07-28 05:11:00,3.53,32.774,4.478804,77.094809,0.911,296666,wiper
1690510860,           2023-07-28 02:21:00,           2023-07-28 05:21:00,3.53,32.65,4.367673,75.038785,0.911,296666,wiper
1690511460,           2023-07-28 02:31:00,           2023-07-28 05:31:00,3.53,32.448,4.37047,74.853818,0.912,296666,wiper
1690512060,           2023-07-28 02:41:00,           2023-07-28 05:41:00,3.53,32.343,4.243411,72.560173,0.912,296666,wiper
1690512660,           2023-07-28 02:51:00,           2023-07-28 05:51:00,3.53,32.211,4.06793,69.41803,0.912,296666,wiper
1690513260,           2023-07-28 03:01:00,           2023-07-28 06:01:00,3.53,32.159,3.711826,63.29038,0.911,296666,wiper
1690513860,           2023-07-28 03:11:00,           2023-07-28 06:11:00,3.53,32.053,3.551103,60.450793,0.912,296666,wiper
1690514460,           2023-07-28 03:21:00,           2023-07-28 06:21:00,3.53,31.983,3.581335,60.899471,0.912,296666,wiper
1690515060,           2023-07-28 03:31:00,           2023-07-28 06:31:00,3.53,31.887,3.559929,60.445571,0.912,296666,wiper
1690515660,           2023-07-28 03:41:00,           2023-07-28 06:41:00,3.53,31.826,3.475942,58.963779,0.912,296666,wiper
1690516260,           2023-07-28 03:51:00,           2023-07-28 06:51:00,3.53,31.791,3.269798,55.436805,0.911,296666,wiper
1690516860,           2023-07-28 04:01:00,           2023-07-28 07:01:00,3.53,31.686,3.274139,55.420076,0.912,296666,wiper
1690517460,           2023-07-28 04:11:00,           2023-07-28 07:11:00,3.53,31.677,3.167106,53.600881,0.912,296666,wiper
1690518060,           2023-07-28 04:21:00,           2023-07-28 07:21:00,3.53,31.625,2.98669,50.506688,0.912,296666,wiper
1690518660,           2023-07-28 04:31:00,           2023-07-28 07:31:00,3.53,31.669,3.192007,54.015616,0.912,296666,wiper
1690519260,           2023-07-28 04:41:00,           2023-07-28 07:41:00,3.53,31.747,3.338784,56.567799,0.912,296666,wiper
1690519860,           2023-07-28 04:51:00,           2023-07-28 07:51:00,3.53,31.887,3.526937,59.885383,0.912,296666,wiper
1690520460,           2023-07-28 05:01:00,           2023-07-28 08:01:00,3.53,32.045,3.519673,59.908351,0.912,296666,wiper
1690521060,           2023-07-28 05:11:00,           2023-07-28 08:11:00,3.53,32.176,3.449481,58.832566,0.911,296666,wiper
1690521660,           2023-07-28 05:21:00,           2023-07-28 08:21:00,3.53,32.422,3.597232,61.58577,0.911,296666,wiper
1690522260,           2023-07-28 05:31:00,           2023-07-28 08:31:00,3.53,32.615,3.808438,65.395654,0.911,296666,wiper
1690522860,           2023-07-28 05:41:00,           2023-07-28 08:41:00,3.52,32.87,4.381094,75.524088,0.91,296666,wiper
1690523460,           2023-07-28 05:51:00,           2023-07-28 08:51:00,3.52,33.029,4.58355,79.206979,0.91,296666,wiper
1690524060,           2023-07-28 06:01:00,           2023-07-28 09:01:00,3.53,33.162,4.755288,82.342218,0.911,296666,wiper
1690524660,           2023-07-28 06:11:00,           2023-07-28 09:11:00,3.53,33.276,4.926152,85.449712,0.91,296666,wiper
1690525260,           2023-07-28 06:21:00,           2023-07-28 09:21:00,3.53,33.409,5.11736,88.946951,0.91,296666,wiper
1690525860,           2023-07-28 06:31:00,           2023-07-28 09:31:00,3.53,33.524,5.265759,91.687076,0.909,296666,wiper
1690526460,           2023-07-28 06:41:00,           2023-07-28 09:41:00,3.53,33.675,5.378168,93.860085,0.909,296666,wiper
1690527060,           2023-07-28 06:51:00,           2023-07-28 09:51:00,3.53,33.799,5.517043,96.465654,0.909,296666,wiper
1690527660,           2023-07-28 07:01:00,           2023-07-28 10:01:00,3.52,33.914,5.663963,99.207894,0.909,296666,wiper
1690528260,           2023-07-28 07:11:00,           2023-07-28 10:11:00,3.52,34.038,5.768223,101.224559,0.909,296666,wiper
1690528860,           2023-07-28 07:21:00,           2023-07-28 10:21:00,3.52,34.127,5.847214,102.749451,0.908,296666,wiper
1690529460,           2023-07-28 07:31:00,           2023-07-28 10:31:00,3.52,34.19,5.903413,103.836161,0.908,296666,wiper
1690530060,           2023-07-28 07:41:00,           2023-07-28 10:41:00,3.52,34.199,5.921244,104.164016,0.908,296666,wiper
1690530660,           2023-07-28 07:51:00,           2023-07-28 10:51:00,3.52,34.216,5.990806,105.414885,0.908,296666,wiper
1690531260,           2023-07-28 08:01:00,           2023-07-28 11:01:00,3.52,34.19,5.937317,104.432513,0.908,296666,wiper
1690531860,           2023-07-28 08:11:00,           2023-07-28 11:11:00,3.52,34.181,5.911413,103.962696,0.908,296666,wiper
1690532460,           2023-07-28 08:21:00,           2023-07-28 11:21:00,3.52,34.261,6.087242,107.184863,0.908,296666,wiper
1690533060,           2023-07-28 08:31:00,           2023-07-28 11:31:00,3.53,34.368,6.210044,109.52455,0.908,296666,wiper
1690533660,           2023-07-28 08:41:00,           2023-07-28 11:41:00,3.53,34.653,6.76977,119.912,0.907,296666,wiper
1690534260,           2023-07-28 08:51:00,           2023-07-28 11:51:00,3.52,34.814,6.939277,123.213557,0.908,296666,wiper
1690534860,           2023-07-28 09:01:00,           2023-07-28 12:01:00,3.52,34.939,7.169923,127.549102,0.907,296666,wiper
1690535460,           2023-07-28 09:11:00,           2023-07-28 12:11:00,3.52,35.038,7.187839,128.058691,0.908,296666,wiper
1690536060,           2023-07-28 09:21:00,           2023-07-28 12:21:00,3.52,35.073,7.192215,128.204197,0.908,296666,wiper
1690536660,           2023-07-28 09:31:00,           2023-07-28 12:31:00,3.52,35.118,7.220125,128.788929,0.907,296666,wiper
1690537260,           2023-07-28 09:41:00,           2023-07-28 12:41:00,3.52,35.19,7.256382,129.575959,0.906,296666,wiper
1690537860,           2023-07-28 09:51:00,           2023-07-28 12:51:00,3.52,35.324,7.329624,131.147794,0.906,296666,wiper
1690538460,           2023-07-28 10:01:00,           2023-07-28 13:01:00,3.52,35.405,7.398327,132.538287,0.907,296666,wiper
1690539060,           2023-07-28 10:11:00,           2023-07-28 13:11:00,3.53,35.468,7.451503,133.617254,0.906,296666,wiper
1690539660,           2023-07-28 10:21:00,           2023-07-28 13:21:00,3.53,35.477,7.46453,133.868927,0.906,296666,wiper
1690540260,           2023-07-28 10:31:00,           2023-07-28 13:31:00,3.53,35.513,7.46731,133.991168,0.906,296666,wiper
1690540860,           2023-07-28 10:41:00,           2023-07-28 13:41:00,3.53,35.522,7.500555,134.605879,0.906,296666,wiper
1690541460,           2023-07-28 10:51:00,           2023-07-28 13:51:00,3.53,35.549,7.501631,134.679731,0.905,296666,wiper
1690542060,           2023-07-28 11:01:00,           2023-07-28 14:01:00,3.53,35.54,7.474854,134.180888,0.906,296666,wiper
1690542660,           2023-07-28 11:11:00,           2023-07-28 14:11:00,3.53,35.558,7.466136,134.060576,0.906,296666,wiper
1690543260,           2023-07-28 11:21:00,           2023-07-28 14:21:00,3.53,35.594,7.447888,133.80516,0.905,296666,wiper
1690543860,           2023-07-28 11:31:00,           2023-07-28 14:31:00,3.53,35.621,7.478078,134.401945,0.905,296666,wiper
1690544460,           2023-07-28 11:41:00,           2023-07-28 14:41:00,3.53,35.63,7.499195,134.799672,0.905,296666,wiper
1690545060,           2023-07-28 11:51:00,           2023-07-28 14:51:00,3.53,35.585,7.476106,134.293983,0.904,296666,wiper
1690545660,           2023-07-28 12:01:00,           2023-07-28 15:01:00,3.53,35.558,7.504146,134.743077,0.906,296666,wiper
1690546260,           2023-07-28 12:11:00,           2023-07-28 15:11:00,3.53,35.504,7.391207,132.607684,0.906,296666,wiper
1690546860,           2023-07-28 12:21:00,           2023-07-28 15:21:00,3.52,35.369,7.224143,129.347881,0.907,296666,wiper
1690547460,           2023-07-28 12:31:00,           2023-07-28 15:31:00,3.52,35.342,7.163249,128.205544,0.906,296666,wiper
1690548060,           2023-07-28 12:41:00,           2023-07-28 15:41:00,3.52,35.271,7.072033,126.437999,0.906,296666,wiper
1690548660,           2023-07-28 12:51:00,           2023-07-28 15:51:00,3.52,35.279,7.119805,127.307405,0.906,296666,wiper
1690549260,           2023-07-28 13:01:00,           2023-07-28 16:01:00,3.52,35.235,7.159001,127.923596,0.906,296666,wiper
1690549860,           2023-07-28 13:11:00,           2023-07-28 16:11:00,3.52,35.199,7.174826,128.136978,0.906,296666,wiper
1690550460,           2023-07-28 13:21:00,           2023-07-28 16:21:00,3.52,35.145,7.105608,126.797742,0.907,296666,wiper
1690551060,           2023-07-28 13:31:00,           2023-07-28 16:31:00,3.52,35.127,7.13696,127.322724,0.906,296666,wiper
1690551660,           2023-07-28 13:41:00,           2023-07-28 16:41:00,3.52,35.1,7.182774,128.087966,0.907,296666,wiper
1690552260,           2023-07-28 13:51:00,           2023-07-28 16:51:00,3.52,35.046,7.170944,127.773078,0.907,296666,wiper
1690552860,           2023-07-28 14:01:00,           2023-07-28 17:01:00,3.52,35.011,7.156872,127.455131,0.906,296666,wiper
1690553460,           2023-07-28 14:11:00,           2023-07-28 17:11:00,3.53,34.903,7.084737,125.965306,0.908,296666,wiper
1690554060,           2023-07-28 14:21:00,           2023-07-28 17:21:00,3.53,34.707,7.05057,124.987659,0.908,296666,wiper
1690554660,           2023-07-28 14:31:00,           2023-07-28 17:31:00,3.53,34.626,7.055459,124.921402,0.908,296666,wiper
1690555260,           2023-07-28 14:41:00,           2023-07-28 17:41:00,3.53,34.573,7.094533,125.512664,0.909,296666,wiper
1690555860,           2023-07-28 14:51:00,           2023-07-28 17:51:00,3.53,34.457,7.041746,124.360421,0.909,296666,wiper
1690556460,           2023-07-28 15:01:00,           2023-07-28 18:01:00,3.53,34.403,7.022662,123.922086,0.909,296666,wiper
1690557060,           2023-07-28 15:11:00,           2023-07-28 18:11:00,3.53,34.305,6.982981,123.039149,0.91,296666,wiper
1690557660,           2023-07-28 15:21:00,           2023-07-28 18:21:00,3.52,34.19,6.922968,121.769304,0.91,296666,wiper
1690558260,           2023-07-28 15:31:00,           2023-07-28 18:31:00,3.53,34.03,6.935997,121.70264,0.91,296666,wiper
1690558860,           2023-07-28 15:41:00,           2023-07-28 18:41:00,3.53,33.879,6.78207,118.72905,0.91,296666,wiper
1690559460,           2023-07-28 15:51:00,           2023-07-28 18:51:00,3.53,33.692,6.625456,115.657771,0.911,296666,wiper
1690560060,           2023-07-28 16:01:00,           2023-07-28 19:01:00,3.53,33.568,6.516254,113.536777,0.911,296666,wiper
1690560660,           2023-07-28 16:11:00,           2023-07-28 19:11:00,3.53,33.462,6.398374,111.302788,0.911,296666,wiper
1690561260,           2023-07-28 16:21:00,           2023-07-28 19:21:00,3.53,33.312,6.207581,107.736812,0.911,296666,wiper
1690561860,           2023-07-28 16:31:00,           2023-07-28 19:31:00,3.53,33.17,6.033857,104.494615,0.912,296666,wiper
1690562460,           2023-07-28 16:41:00,           2023-07-28 19:41:00,3.53,33.064,5.94512,102.79096,0.912,296666,wiper
1690563060,           2023-07-28 16:51:00,           2023-07-28 19:51:00,3.53,32.967,5.779114,99.772338,0.912,296666,wiper
1690563660,           2023-07-28 17:01:00,           2023-07-28 20:01:00,3.53,32.888,5.589922,96.389248,0.911,296666,wiper
1690564260,           2023-07-28 17:11:00,           2023-07-28 20:11:00,3.53,32.818,5.456433,93.986456,0.911,296666,wiper
1690564860,           2023-07-28 17:21:00,           2023-07-28 20:21:00,3.53,32.721,5.329216,91.65852,0.911,296666,wiper
1690565460,           2023-07-28 17:31:00,           2023-07-28 20:31:00,3.53,32.633,5.232706,89.87699,0.911,296666,wiper
1690566060,           2023-07-28 17:41:00,           2023-07-28 20:41:00,3.53,32.624,5.120673,87.94055,0.912,296666,wiper
1690566660,           2023-07-28 17:51:00,           2023-07-28 20:51:00,3.53,32.518,4.960448,85.050101,0.911,296666,wiper
1690567260,           2023-07-28 18:01:00,           2023-07-28 21:01:00,3.53,32.545,4.8664,83.472257,0.911,296666,wiper
1690567860,           2023-07-28 18:11:00,           2023-07-28 21:11:00,3.53,32.51,4.781596,81.973477,0.911,296666,wiper
1690568460,           2023-07-28 18:21:00,           2023-07-28 21:21:00,3.53,32.501,4.716301,80.842876,0.911,296666,wiper
1690569060,           2023-07-28 18:31:00,           2023-07-28 21:31:00,3.53,32.457,4.563804,78.17592,0.911,296666,wiper
1690569660,           2023-07-28 18:41:00,           2023-07-28 21:41:00,3.53,32.431,4.534647,77.645381,0.911,296666,wiper
1690570260,           2023-07-28 18:51:00,           2023-07-28 21:51:00,3.53,32.431,4.458144,76.335434,0.911,296666,wiper
1690570860,           2023-07-28 19:01:00,           2023-07-28 22:01:00,3.53,32.413,4.322744,73.996513,0.911,296666,wiper
1690571460,           2023-07-28 19:11:00,           2023-07-28 22:11:00,3.53,32.352,4.170996,71.3318,0.912,296666,wiper
1690572060,           2023-07-28 19:21:00,           2023-07-28 22:21:00,3.53,32.343,4.153229,71.018097,0.911,296666,wiper
1690572660,           2023-07-28 19:31:00,           2023-07-28 22:31:00,3.53,32.369,4.17029,71.338417,0.911,296666,wiper
1690573260,           2023-07-28 19:41:00,           2023-07-28 22:41:00,3.53,32.404,4.056951,69.437044,0.911,296666,wiper
1690573860,           2023-07-28 19:51:00,           2023-07-28 22:51:00,3.53,32.413,4.12223,70.564111,0.911,296666,wiper
1690574460,           2023-07-28 20:01:00,           2023-07-28 23:01:00,3.53,32.457,4.058862,69.526493,0.911,296666,wiper
1690575060,           2023-07-28 20:11:00,           2023-07-28 23:11:00,3.53,32.501,3.956828,67.824633,0.911,296666,wiper
1690575660,           2023-07-28 20:21:00,           2023-07-28 23:21:00,3.53,32.606,3.950963,67.833603,0.911,296666,wiper
1690576260,           2023-07-28 20:31:00,           2023-07-28 23:31:00,3.53,32.721,4.026518,69.253104,0.91,296666,wiper
1690576860,           2023-07-28 20:41:00,           2023-07-28 23:41:00,3.53,32.659,4.006838,68.848991,0.911,296666,wiper
1690577460,           2023-07-28 20:51:00,           2023-07-28 23:51:00,3.53,32.65,3.890789,66.84569,0.911,296666,wiper
1690578060,           2023-07-28 21:01:00,           2023-07-29 00:01:00,3.53,32.747,4.019413,69.158509,0.911,296666,wiper
1690578660,           2023-07-28 21:11:00,           2023-07-29 00:11:00,3.53,32.853,3.829842,66.004032,0.91,296666,wiper
1690579260,           2023-07-28 21:21:00,           2023-07-29 00:21:00,3.53,32.774,3.648143,62.79642,0.91,296666,wiper
1690579860,           2023-07-28 21:31:00,           2023-07-29 00:31:00,3.53,32.73,3.663227,63.013473,0.91,296666,wiper
1690580460,           2023-07-28 21:41:00,           2023-07-29 00:41:00,3.53,32.8,3.704674,63.794973,0.91,296666,wiper
1690581060,           2023-07-28 21:51:00,           2023-07-29 00:51:00,3.53,32.862,3.735613,64.388968,0.91,296666,wiper
1690581660,           2023-07-28 22:01:00,           2023-07-29 01:01:00,3.52,32.985,3.881314,67.026651,0.91,296666,wiper
1690582260,           2023-07-28 22:11:00,           2023-07-29 01:11:00,3.53,33.082,4.068833,70.3694,0.91,296666,wiper
1690582860,           2023-07-28 22:21:00,           2023-07-29 01:21:00,3.53,33.073,4.100217,70.90241,0.91,296666,wiper
1690583460,           2023-07-28 22:31:00,           2023-07-29 01:31:00,3.53,33.082,4.082535,70.606381,0.91,296666,wiper
1690584060,           2023-07-28 22:41:00,           2023-07-29 01:41:00,3.53,33.109,4.227778,73.148543,0.91,296666,wiper
1690584660,           2023-07-28 22:51:00,           2023-07-29 01:51:00,3.53,33.162,4.34175,75.181418,0.909,296666,wiper
1690585260,           2023-07-28 23:01:00,           2023-07-29 02:01:00,3.53,33.153,4.298972,74.430435,0.91,296666,wiper
1690585860,           2023-07-28 23:11:00,           2023-07-29 02:11:00,3.53,33.329,4.703971,81.661841,0.909,296666,wiper
1690586460,           2023-07-28 23:21:00,           2023-07-29 02:21:00,3.53,33.356,4.48321,77.861496,0.909,296666,wiper
1690587060,           2023-07-28 23:31:00,           2023-07-29 02:31:00,3.53,33.214,3.8511,66.738423,0.909,296666,wiper
1690587660,           2023-07-28 23:41:00,           2023-07-29 02:41:00,3.53,33.1,3.83518,66.346712,0.909,296666,wiper
1690588260,           2023-07-28 23:51:00,           2023-07-29 02:51:00,3.52,33.011,4.329562,74.797256,0.91,296666,wiper
1690588860,           2023-07-29 00:01:00,           2023-07-29 03:01:00,3.52,33.02,4.754356,82.147309,0.91,296666,wiper
1690589460,           2023-07-29 00:11:00,           2023-07-29 03:11:00,3.52,33.082,4.725746,81.730545,0.91,296666,wiper
1690590060,           2023-07-29 00:21:00,           2023-07-29 03:21:00,3.53,33.162,4.831063,83.654333,0.91,296666,wiper
1690590660,           2023-07-29 00:31:00,           2023-07-29 03:31:00,3.53,33.188,4.772387,82.671185,0.91,296666,wiper
1690591260,           2023-07-29 00:41:00,           2023-07-29 03:41:00,3.53,33.109,5.057213,87.499325,0.91,296666,wiper
1690591860,           2023-07-29 00:51:00,           2023-07-29 03:51:00,3.53,33.135,5.059812,87.579146,0.91,296666,wiper
1690592460,           2023-07-29 01:01:00,           2023-07-29 04:01:00,3.53,33.153,5.059938,87.605446,0.91,296666,wiper
1690593060,           2023-07-29 01:11:00,           2023-07-29 04:11:00,3.53,33.1,4.897552,84.725225,0.91,296666,wiper
1690593660,           2023-07-29 01:21:00,           2023-07-29 04:21:00,3.52,33.003,4.884001,84.365378,0.91,296666,wiper
1690594260,           2023-07-29 01:31:00,           2023-07-29 04:31:00,3.52,32.923,4.734378,81.6806,0.911,296666,wiper
1690594860,           2023-07-29 01:41:00,           2023-07-29 04:41:00,3.53,32.668,4.503923,77.401041,0.91,296666,wiper
1690595460,           2023-07-29 01:51:00,           2023-07-29 04:51:00,3.53,32.58,4.480013,76.886034,0.911,296666,wiper
1690596060,           2023-07-29 02:01:00,           2023-07-29 05:01:00,3.53,32.448,4.400266,75.364153,0.911,296666,wiper
1690596660,           2023-07-29 02:11:00,           2023-07-29 05:11:00,3.53,32.255,4.069791,69.496969,0.912,296666,wiper
1690597260,           2023-07-29 02:21:00,           2023-07-29 05:21:00,3.53,32.106,3.754211,63.960697,0.911,296666,wiper
1690597860,           2023-07-29 02:31:00,           2023-07-29 05:31:00,3.53,31.983,3.524195,59.927816,0.911,296666,wiper
1690598460,           2023-07-29 02:41:00,           2023-07-29 05:41:00,3.53,31.852,3.342498,56.722969,0.911,296666,wiper
1690599060,           2023-07-29 02:51:00,           2023-07-29 05:51:00,3.53,31.747,3.174661,53.787117,0.911,296666,wiper
1690599660,           2023-07-29 03:01:00,           2023-07-29 06:01:00,3.53,31.616,3.259335,55.109585,0.912,296666,wiper
1690600260,           2023-07-29 03:11:00,           2023-07-29 06:11:00,3.53,31.538,3.262996,55.104667,0.911,296666,wiper
1690600860,           2023-07-29 03:21:00,           2023-07-29 06:21:00,3.53,31.433,3.233558,54.518455,0.912,296666,wiper
1690601460,           2023-07-29 03:31:00,           2023-07-29 06:31:00,3.53,31.311,3.035205,51.077084,0.912,296666,wiper
1690602060,           2023-07-29 03:41:00,           2023-07-29 06:41:00,3.53,31.163,2.849676,47.844448,0.912,296666,wiper
1690602660,           2023-07-29 03:51:00,           2023-07-29 06:51:00,3.53,31.05,2.689272,45.071798,0.912,296666,wiper
1690603260,           2023-07-29 04:01:00,           2023-07-29 07:01:00,3.53,30.989,2.605457,43.62546,0.912,296666,wiper
1690603860,           2023-07-29 04:11:00,           2023-07-29 07:11:00,3.53,30.911,2.470969,41.323187,0.912,296666,wiper
1690604460,           2023-07-29 04:21:00,           2023-07-29 07:21:00,3.53,30.833,2.356598,39.362431,0.912,296666,wiper
1690605060,           2023-07-29 04:31:00,           2023-07-29 07:31:00,3.53,30.85,2.257825,37.722665,0.912,296666,wiper
1690605660,           2023-07-29 04:41:00,           2023-07-29 07:41:00,3.53,30.893,2.21377,37.011506,0.912,296666,wiper
1690606260,           2023-07-29 04:51:00,           2023-07-29 07:51:00,3.53,30.928,2.192988,36.684137,0.912,296666,wiper
1690606860,           2023-07-29 05:01:00,           2023-07-29 08:01:00,3.53,30.98,2.150559,36.003641,0.912,296666,wiper
1690607460,           2023-07-29 05:11:00,           2023-07-29 08:11:00,3.53,31.024,2.112921,35.397855,0.912,296666,wiper
1690608060,           2023-07-29 05:21:00,           2023-07-29 08:21:00,3.53,31.102,2.285168,38.330176,0.912,296666,wiper
1690608660,           2023-07-29 05:31:00,           2023-07-29 08:31:00,3.53,31.189,2.332078,39.170158,0.911,296666,wiper
1690609260,           2023-07-29 05:41:00,           2023-07-29 08:41:00,3.53,31.302,2.404012,40.449565,0.912,296666,wiper
1690609860,           2023-07-29 05:51:00,           2023-07-29 08:51:00,3.53,31.328,2.554458,42.998359,0.912,296666,wiper
1690610460,           2023-07-29 06:01:00,           2023-07-29 09:01:00,3.53,31.477,2.639444,44.532026,0.912,296666,wiper
1690611060,           2023-07-29 06:11:00,           2023-07-29 09:11:00,3.53,31.599,2.786294,47.098866,0.911,296666,wiper
1690611660,           2023-07-29 06:21:00,           2023-07-29 09:21:00,3.53,31.773,2.885942,48.915177,0.911,296666,wiper
1690612260,           2023-07-29 06:31:00,           2023-07-29 09:31:00,3.52,31.922,2.961389,50.309961,0.911,296666,wiper
1690612860,           2023-07-29 06:41:00,           2023-07-29 09:41:00,3.53,32.141,3.1724,54.077585,0.91,296666,wiper
1690613460,           2023-07-29 06:51:00,           2023-07-29 09:51:00,3.53,32.545,3.739605,64.144603,0.91,296666,wiper
1690614060,           2023-07-29 07:01:00,           2023-07-29 10:01:00,3.53,33.25,4.694592,81.400684,0.909,296666,wiper
1690614660,           2023-07-29 07:11:00,           2023-07-29 10:11:00,3.53,33.444,4.581329,79.672535,0.908,296666,wiper
1690615260,           2023-07-29 07:21:00,           2023-07-29 10:21:00,3.53,33.586,4.710467,82.095934,0.909,296666,wiper
1690615860,           2023-07-29 07:31:00,           2023-07-29 10:31:00,3.52,33.719,4.772634,83.348098,0.908,296666,wiper
1690616460,           2023-07-29 07:41:00,           2023-07-29 10:41:00,3.52,33.905,4.723005,82.715099,0.908,296666,wiper
1690617060,           2023-07-29 07:51:00,           2023-07-29 10:51:00,3.52,34.11,4.997946,87.803132,0.907,296666,wiper
1690617660,           2023-07-29 08:01:00,           2023-07-29 11:01:00,3.52,34.252,5.022317,88.421485,0.908,296666,wiper
1690618260,           2023-07-29 08:11:00,           2023-07-29 11:11:00,3.53,34.386,5.209748,91.907701,0.906,296666,wiper
1690618860,           2023-07-29 08:21:00,           2023-07-29 11:21:00,3.53,34.626,5.885876,104.213195,0.906,296666,wiper
1690619460,           2023-07-29 08:31:00,           2023-07-29 11:31:00,3.52,34.868,6.101089,108.419003,0.906,296666,wiper
1690620060,           2023-07-29 08:41:00,           2023-07-29 11:41:00,3.52,34.93,6.099169,108.486249,0.905,296666,wiper
1690620660,           2023-07-29 08:51:00,           2023-07-29 11:51:00,3.52,35.055,6.377392,113.648832,0.906,296666,wiper
1690621260,           2023-07-29 09:01:00,           2023-07-29 12:01:00,3.52,35.154,6.660324,118.867863,0.906,296666,wiper
1690621860,           2023-07-29 09:11:00,           2023-07-29 12:11:00,3.52,35.271,6.774535,121.119162,0.906,296666,wiper
1690622460,           2023-07-29 09:21:00,           2023-07-29 12:21:00,3.52,35.405,6.81293,122.051105,0.905,296666,wiper
1690623060,           2023-07-29 09:31:00,           2023-07-29 12:31:00,3.52,35.414,6.859908,122.909311,0.905,296666,wiper
1690623660,           2023-07-29 09:41:00,           2023-07-29 12:41:00,3.53,35.486,6.963258,124.895976,0.906,296666,wiper
1690624260,           2023-07-29 09:51:00,           2023-07-29 12:51:00,3.52,35.432,6.949824,124.554011,0.905,296666,wiper
1690624860,           2023-07-29 10:01:00,           2023-07-29 13:01:00,3.52,35.603,7.216668,129.668666,0.905,296666,wiper
1690625460,           2023-07-29 10:11:00,           2023-07-29 13:11:00,3.52,35.729,7.350523,132.323468,0.904,296666,wiper
1690626060,           2023-07-29 10:21:00,           2023-07-29 13:21:00,3.52,35.855,7.333939,132.274291,0.903,296666,wiper
1690626660,           2023-07-29 10:31:00,           2023-07-29 13:31:00,3.52,35.837,7.260954,130.92266,0.904,296666,wiper
1690627260,           2023-07-29 10:41:00,           2023-07-29 13:41:00,3.53,35.729,7.158004,128.85775,0.904,296666,wiper
1690627860,           2023-07-29 10:51:00,           2023-07-29 13:51:00,3.53,35.621,7.024346,126.247122,0.905,296666,wiper
1690628460,           2023-07-29 11:01:00,           2023-07-29 14:01:00,3.53,35.684,7.085592,127.468219,0.905,296666,wiper
1690629060,           2023-07-29 11:11:00,           2023-07-29 14:11:00,3.53,35.693,7.008834,126.104358,0.903,296666,wiper
1690629660,           2023-07-29 11:21:00,           2023-07-29 14:21:00,3.52,35.765,7.082301,127.56374,0.903,296666,wiper
1690630260,           2023-07-29 11:31:00,           2023-07-29 14:31:00,3.53,35.783,7.010471,126.304005,0.903,296666,wiper
1690630860,           2023-07-29 11:41:00,           2023-07-29 14:41:00,3.52,35.81,7.043888,126.957384,0.903,296666,wiper
1690631460,           2023-07-29 11:51:00,           2023-07-29 14:51:00,3.53,35.756,6.947935,125.126707,0.903,296666,wiper
1690632060,           2023-07-29 12:01:00,           2023-07-29 15:01:00,3.53,35.675,6.943151,124.888888,0.904,296666,wiper
1690632660,           2023-07-29 12:11:00,           2023-07-29 15:11:00,3.53,35.441,6.692772,119.963365,0.905,296666,wiper
1690633260,           2023-07-29 12:21:00,           2023-07-29 15:21:00,3.53,35.396,6.698843,119.991064,0.905,296666,wiper
1690633860,           2023-07-29 12:31:00,           2023-07-29 15:31:00,3.53,35.531,6.738854,120.952623,0.903,296666,wiper
1690634460,           2023-07-29 12:41:00,           2023-07-29 15:41:00,3.53,35.603,6.836545,122.838646,0.905,296666,wiper
1690635060,           2023-07-29 12:51:00,           2023-07-29 15:51:00,3.53,35.612,6.855228,123.190965,0.904,296666,wiper
1690635660,           2023-07-29 13:01:00,           2023-07-29 16:01:00,3.53,35.513,6.702303,120.264111,0.904,296666,wiper
1690636260,           2023-07-29 13:11:00,           2023-07-29 16:11:00,3.53,35.522,6.746052,121.065471,0.904,296666,wiper
1690636860,           2023-07-29 13:21:00,           2023-07-29 16:21:00,3.53,35.486,6.693978,120.066065,0.904,296666,wiper
1690637460,           2023-07-29 13:31:00,           2023-07-29 16:31:00,3.53,35.405,6.635855,118.878877,0.905,296666,wiper
1690638060,           2023-07-29 13:41:00,           2023-07-29 16:41:00,3.53,35.432,6.720993,120.45293,0.905,296666,wiper
1690638660,           2023-07-29 13:51:00,           2023-07-29 16:51:00,3.53,35.576,6.874313,123.467249,0.904,296666,wiper
1690639260,           2023-07-29 14:01:00,           2023-07-29 17:01:00,3.53,35.783,7.116445,128.213286,0.903,296666,wiper
1690639860,           2023-07-29 14:11:00,           2023-07-29 17:11:00,3.53,35.882,7.217692,130.230301,0.903,296666,wiper
1690640460,           2023-07-29 14:21:00,           2023-07-29 17:21:00,3.53,35.936,7.310443,132.010442,0.902,296666,wiper
1690641060,           2023-07-29 14:31:00,           2023-07-29 17:31:00,3.53,35.909,7.39433,133.471338,0.904,296666,wiper
1690641660,           2023-07-29 14:41:00,           2023-07-29 17:41:00,3.53,35.873,7.393173,133.378565,0.904,296666,wiper
1690642260,           2023-07-29 14:51:00,           2023-07-29 17:51:00,3.53,35.819,7.556877,136.221747,0.904,296666,wiper
1690642860,           2023-07-29 15:01:00,           2023-07-29 18:01:00,3.53,35.693,7.521656,135.331151,0.905,296666,wiper
1690643460,           2023-07-29 15:11:00,           2023-07-29 18:11:00,3.53,35.612,7.523281,135.196125,0.906,296666,wiper
1690644060,           2023-07-29 15:21:00,           2023-07-29 18:21:00,3.53,35.549,7.562284,135.768668,0.905,296666,wiper
1690644660,           2023-07-29 15:31:00,           2023-07-29 18:31:00,3.52,35.369,7.436785,133.15521,0.906,296666,wiper
1690645260,           2023-07-29 15:41:00,           2023-07-29 18:41:00,3.53,35.046,7.347126,130.912325,0.906,296666,wiper
1690645860,           2023-07-29 15:51:00,           2023-07-29 18:51:00,3.53,34.921,7.292573,129.695792,0.907,296666,wiper
1690646460,           2023-07-29 16:01:00,           2023-07-29 19:01:00,3.53,34.814,7.192157,127.703701,0.908,296666,wiper
1690647060,           2023-07-29 16:11:00,           2023-07-29 19:11:00,3.53,34.653,7.100141,125.763809,0.908,296666,wiper
1690647660,           2023-07-29 16:21:00,           2023-07-29 19:21:00,3.53,34.475,6.998308,123.626951,0.909,296666,wiper
1690648260,           2023-07-29 16:31:00,           2023-07-29 19:31:00,3.53,34.216,6.72785,118.383998,0.908,296666,wiper
1690648860,           2023-07-29 16:41:00,           2023-07-29 19:41:00,3.53,34.065,6.565054,115.255106,0.909,296666,wiper
1690649460,           2023-07-29 16:51:00,           2023-07-29 19:51:00,3.53,33.95,6.401019,112.179245,0.91,296666,wiper
1690650060,           2023-07-29 17:01:00,           2023-07-29 20:01:00,3.53,33.896,6.242392,109.309525,0.909,296666,wiper
1690650660,           2023-07-29 17:11:00,           2023-07-29 20:11:00,3.53,33.887,6.022027,105.436325,0.91,296666,wiper
1690651260,           2023-07-29 17:21:00,           2023-07-29 20:21:00,3.53,33.799,5.571907,97.42495,0.908,296666,wiper
1690651860,           2023-07-29 17:31:00,           2023-07-29 20:31:00,3.53,33.754,5.619972,98.198101,0.91,296666,wiper
1690652460,           2023-07-29 17:41:00,           2023-07-29 20:41:00,3.53,33.595,5.597781,97.573792,0.909,296666,wiper
1690653060,           2023-07-29 17:51:00,           2023-07-29 20:51:00,3.53,33.577,5.516179,96.125029,0.909,296666,wiper
1690653660,           2023-07-29 18:01:00,           2023-07-29 21:01:00,3.53,33.568,5.336247,92.976769,0.909,296666,wiper
1690654260,           2023-07-29 18:11:00,           2023-07-29 21:11:00,3.53,33.551,5.239337,91.264592,0.91,296666,wiper
1690654860,           2023-07-29 18:21:00,           2023-07-29 21:21:00,3.53,33.568,5.132992,89.435332,0.909,296666,wiper
1690655460,           2023-07-29 18:31:00,           2023-07-29 21:31:00,3.53,33.559,5.148253,89.688935,0.909,296666,wiper
1690656060,           2023-07-29 18:41:00,           2023-07-29 21:41:00,3.53,33.533,5.130327,89.341205,0.908,296666,wiper
1690656660,           2023-07-29 18:51:00,           2023-07-29 21:51:00,3.53,33.524,5.030255,87.586506,0.909,296666,wiper
1690657260,           2023-07-29 19:01:00,           2023-07-29 22:01:00,3.53,33.506,4.997871,86.998753,0.909,296666,wiper
1690657860,           2023-07-29 19:11:00,           2023-07-29 22:11:00,3.53,33.497,4.905064,85.371513,0.909,296666,wiper
1690658460,           2023-07-29 19:21:00,           2023-07-29 22:21:00,3.53,33.48,4.900917,85.277225,0.909,296666,wiper
1690659060,           2023-07-29 19:31:00,           2023-07-29 22:31:00,3.53,33.506,4.869638,84.766576,0.909,296666,wiper
1690659660,           2023-07-29 19:41:00,           2023-07-29 22:41:00,3.53,33.621,4.851852,84.605159,0.908,296666,wiper
1690660260,           2023-07-29 19:51:00,           2023-07-29 22:51:00,3.53,33.675,4.846562,84.582479,0.909,296666,wiper
1690660860,           2023-07-29 20:01:00,           2023-07-29 23:01:00,3.53,33.515,4.761626,82.89777,0.909,296666,wiper
1690661460,           2023-07-29 20:11:00,           2023-07-29 23:11:00,3.53,33.559,4.521559,78.771137,0.908,296666,wiper
1690662060,           2023-07-29 20:21:00,           2023-07-29 23:21:00,3.53,33.559,4.582857,79.83903,0.908,296666,wiper
1690662660,           2023-07-29 20:31:00,           2023-07-29 23:31:00,3.53,33.533,4.668186,81.293333,0.909,296666,wiper
1690663260,           2023-07-29 20:41:00,           2023-07-29 23:41:00,3.53,33.462,4.848377,84.339849,0.909,296666,wiper
1690663860,           2023-07-29 20:51:00,           2023-07-29 23:51:00,3.53,33.515,4.775337,83.136466,0.909,296666,wiper
1690664460,           2023-07-29 21:01:00,           2023-07-30 00:01:00,3.53,33.586,4.891142,85.244819,0.908,296666,wiper
1690665060,           2023-07-29 21:11:00,           2023-07-30 00:11:00,3.53,33.577,4.680566,81.563612,0.909,296666,wiper
1690665660,           2023-07-29 21:21:00,           2023-07-30 00:21:00,3.53,33.604,4.662993,81.290837,0.909,296666,wiper
1690666260,           2023-07-29 21:31:00,           2023-07-30 00:31:00,3.53,33.613,5.031674,87.730155,0.909,296666,wiper
1690666860,           2023-07-29 21:41:00,           2023-07-30 00:41:00,3.53,33.586,5.095209,88.801372,0.909,296666,wiper
1690667460,           2023-07-29 21:51:00,           2023-07-30 00:51:00,3.53,33.542,5.044897,87.865558,0.909,296666,wiper
1690668060,           2023-07-29 22:01:00,           2023-07-30 01:01:00,3.53,33.515,5.064873,88.177167,0.909,296666,wiper
1690668660,           2023-07-29 22:11:00,           2023-07-30 01:11:00,3.53,33.48,5.072695,88.266208,0.91,296666,wiper
1690669260,           2023-07-29 22:21:00,           2023-07-30 01:21:00,3.53,33.285,4.59968,79.79766,0.909,296666,wiper
1690669860,           2023-07-29 22:31:00,           2023-07-30 01:31:00,3.53,33.073,4.433909,76.672726,0.91,296666,wiper
1690670460,           2023-07-29 22:41:00,           2023-07-30 01:41:00,3.53,32.906,4.48043,77.279162,0.91,296666,wiper
1690671060,           2023-07-29 22:51:00,           2023-07-30 01:51:00,3.53,32.765,4.345812,74.795241,0.91,296666,wiper
1690671660,           2023-07-29 23:01:00,           2023-07-30 02:01:00,3.53,32.527,3.956166,67.840431,0.911,296666,wiper
1690672260,           2023-07-29 23:11:00,           2023-07-30 02:11:00,3.53,32.097,3.688965,62.840352,0.91,296666,wiper
1690672860,           2023-07-29 23:21:00,           2023-07-30 02:21:00,3.53,31.747,3.246263,55.000258,0.911,296666,wiper
1690673460,           2023-07-29 23:31:00,           2023-07-30 02:31:00,3.53,31.573,2.915688,49.26621,0.911,296666,wiper
1690674060,           2023-07-29 23:41:00,           2023-07-30 02:41:00,3.53,31.328,2.777983,46.760885,0.911,296666,wiper
1690674660,           2023-07-29 23:51:00,           2023-07-30 02:51:00,3.53,31.259,2.630584,44.232177,0.911,296666,wiper
1690675260,           2023-07-30 00:01:00,           2023-07-30 03:01:00,3.53,31.172,2.36498,39.712255,0.911,296666,wiper
1690675860,           2023-07-30 00:11:00,           2023-07-30 03:11:00,3.53,31.163,2.372988,39.841131,0.911,296666,wiper
1690676460,           2023-07-30 00:21:00,           2023-07-30 03:21:00,3.53,31.355,2.621295,44.141957,0.912,296666,wiper
1690677060,           2023-07-30 00:31:00,           2023-07-30 03:31:00,3.53,31.503,2.699056,45.556196,0.912,296666,wiper
1690677660,           2023-07-30 00:41:00,           2023-07-30 03:41:00,3.53,31.677,2.95795,50.061072,0.911,296666,wiper
1690678260,           2023-07-30 00:51:00,           2023-07-30 03:51:00,3.53,31.896,3.10693,52.761266,0.911,296666,wiper
1690678860,           2023-07-30 01:01:00,           2023-07-30 04:01:00,3.53,31.992,3.228876,54.913662,0.911,296666,wiper
1690679460,           2023-07-30 01:11:00,           2023-07-30 04:11:00,3.53,32.071,3.287188,55.973708,0.911,296666,wiper
1690680060,           2023-07-30 01:21:00,           2023-07-30 04:21:00,3.53,32.124,3.618269,61.661789,0.911,296666,wiper
1690680660,           2023-07-30 01:31:00,           2023-07-30 04:31:00,3.53,32.185,3.691031,62.961077,0.911,296666,wiper
1690681260,           2023-07-30 01:41:00,           2023-07-30 04:41:00,3.53,32.281,3.876708,66.226382,0.911,296666,wiper
1690681860,           2023-07-30 01:51:00,           2023-07-30 04:51:00,3.53,32.369,3.960125,67.743258,0.911,296666,wiper
1690682460,           2023-07-30 02:01:00,           2023-07-30 05:01:00,3.53,32.378,3.925549,67.161113,0.911,296666,wiper
1690683060,           2023-07-30 02:11:00,           2023-07-30 05:11:00,3.53,32.378,3.921523,67.09223,0.911,296666,wiper
1690683660,           2023-07-30 02:21:00,           2023-07-30 05:21:00,3.53,32.396,3.878943,66.38215,0.911,296666,wiper
1690684260,           2023-07-30 02:31:00,           2023-07-30 05:31:00,3.53,32.396,3.895853,66.671547,0.911,296666,wiper
1690684860,           2023-07-30 02:41:00,           2023-07-30 05:41:00,3.53,32.387,3.869231,66.206764,0.911,296666,wiper
1690685460,           2023-07-30 02:51:00,           2023-07-30 05:51:00,3.53,32.369,3.780558,64.671533,0.91,296666,wiper
1690686060,           2023-07-30 03:01:00,           2023-07-30 06:01:00,3.53,32.352,3.774832,64.556656,0.91,296666,wiper
1690686660,           2023-07-30 03:11:00,           2023-07-30 06:11:00,3.53,32.369,3.865107,66.117861,0.911,296666,wiper
1690687260,           2023-07-30 03:21:00,           2023-07-30 06:21:00,3.53,32.36,3.675027,62.857554,0.91,296666,wiper
1690687860,           2023-07-30 03:31:00,           2023-07-30 06:31:00,3.53,32.36,3.749107,64.124621,0.91,296666,wiper
1690688460,           2023-07-30 03:41:00,           2023-07-30 06:41:00,3.53,32.387,3.65906,62.610518,0.91,296666,wiper
1690689060,           2023-07-30 03:51:00,           2023-07-30 06:51:00,3.53,32.387,3.583367,61.315318,0.91,296666,wiper
1690689660,           2023-07-30 04:01:00,           2023-07-30 07:01:00,3.53,32.422,3.693062,63.226403,0.911,296666,wiper
1690690260,           2023-07-30 04:11:00,           2023-07-30 07:11:00,3.53,32.466,3.711811,63.590486,0.911,296666,wiper
1690690860,           2023-07-30 04:21:00,           2023-07-30 07:21:00,3.53,32.518,3.749129,64.28125,0.91,296666,wiper
1690691460,           2023-07-30 04:31:00,           2023-07-30 07:31:00,3.53,32.562,3.779966,64.853867,0.91,296666,wiper
1690692060,           2023-07-30 04:41:00,           2023-07-30 07:41:00,3.53,32.598,3.751964,64.409079,0.91,296666,wiper
1690692660,           2023-07-30 04:51:00,           2023-07-30 07:51:00,3.53,32.642,3.772332,64.802564,0.91,296666,wiper
1690693260,           2023-07-30 05:01:00,           2023-07-30 08:01:00,3.53,32.756,3.814824,65.647404,0.91,296666,wiper
1690693860,           2023-07-30 05:11:00,           2023-07-30 08:11:00,3.53,32.87,3.855717,66.467309,0.91,296666,wiper
1690694460,           2023-07-30 05:21:00,           2023-07-30 08:21:00,3.52,32.95,4.052779,69.950155,0.91,296666,wiper
1690695060,           2023-07-30 05:31:00,           2023-07-30 08:31:00,3.53,33.126,4.519677,78.219301,0.91,296666,wiper
1690695660,           2023-07-30 05:41:00,           2023-07-30 08:41:00,3.53,33.259,4.656757,80.755773,0.909,296666,wiper
1690696260,           2023-07-30 05:51:00,           2023-07-30 08:51:00,3.53,33.303,4.70864,81.710441,0.909,296666,wiper
1690696860,           2023-07-30 06:01:00,           2023-07-30 09:01:00,3.53,33.312,4.722405,81.96058,0.91,296666,wiper
1690697460,           2023-07-30 06:11:00,           2023-07-30 09:11:00,3.53,33.418,4.749704,82.567915,0.909,296666,wiper
1690698060,           2023-07-30 06:21:00,           2023-07-30 09:21:00,3.53,33.568,4.808752,83.785897,0.909,296666,wiper
1690698660,           2023-07-30 06:31:00,           2023-07-30 09:31:00,3.53,33.666,4.93201,86.061925,0.909,296666,wiper
1690699260,           2023-07-30 06:41:00,           2023-07-30 09:41:00,3.53,33.852,5.13498,89.857682,0.908,296666,wiper
1690699860,           2023-07-30 06:51:00,           2023-07-30 09:51:00,3.52,34.136,5.521988,97.0477,0.908,296666,wiper
1690700460,           2023-07-30 07:01:00,           2023-07-30 10:01:00,3.53,34.279,5.659496,99.680254,0.907,296666,wiper
1690701060,           2023-07-30 07:11:00,           2023-07-30 10:11:00,3.53,34.305,5.67019,99.907959,0.907,296666,wiper
1690701660,           2023-07-30 07:21:00,           2023-07-30 10:21:00,3.53,34.475,5.719134,101.03001,0.907,296666,wiper
1690702260,           2023-07-30 07:31:00,           2023-07-30 10:31:00,3.53,34.653,5.876396,104.087794,0.906,296666,wiper
1690702860,           2023-07-30 07:41:00,           2023-07-30 10:41:00,3.53,34.814,6.103881,108.380303,0.906,296666,wiper
1690703460,           2023-07-30 07:51:00,           2023-07-30 10:51:00,3.52,34.966,6.207746,110.47743,0.905,296666,wiper
1690704060,           2023-07-30 08:01:00,           2023-07-30 11:01:00,3.52,35.073,6.283792,112.011196,0.905,296666,wiper
1690704660,           2023-07-30 08:11:00,           2023-07-30 11:11:00,3.52,35.136,6.483153,115.674531,0.905,296666,wiper
1690705260,           2023-07-30 08:21:00,           2023-07-30 11:21:00,3.52,35.208,6.723852,120.099189,0.903,296666,wiper
1690705860,           2023-07-30 08:31:00,           2023-07-30 11:31:00,3.52,35.217,6.673006,119.207123,0.905,296666,wiper
1690706460,           2023-07-30 08:41:00,           2023-07-30 11:41:00,3.52,35.208,6.408596,114.468186,0.904,296666,wiper
1690707060,           2023-07-30 08:51:00,           2023-07-30 11:51:00,3.52,35.217,6.436965,114.990469,0.905,296666,wiper
1690707660,           2023-07-30 09:01:00,           2023-07-30 12:01:00,3.52,35.181,6.329959,113.017695,0.905,296666,wiper
1690708260,           2023-07-30 09:11:00,           2023-07-30 12:11:00,3.52,35.109,6.223475,110.996146,0.904,296666,wiper
1690708860,           2023-07-30 09:21:00,           2023-07-30 12:21:00,3.52,35.145,6.252062,111.566435,0.905,296666,wiper
1690709460,           2023-07-30 09:31:00,           2023-07-30 12:31:00,3.52,35.163,6.294243,112.34957,0.904,296666,wiper
1690710060,           2023-07-30 09:41:00,           2023-07-30 12:41:00,3.52,35.038,6.222079,110.852694,0.905,296666,wiper
1690710660,           2023-07-30 09:51:00,           2023-07-30 12:51:00,3.52,35.244,6.392734,114.2467,0.905,296666,wiper
1690711260,           2023-07-30 10:01:00,           2023-07-30 13:01:00,3.52,35.306,6.404577,114.565086,0.904,296666,wiper
1690711860,           2023-07-30 10:11:00,           2023-07-30 13:11:00,3.52,35.342,6.446115,115.370519,0.904,296666,wiper
1690712460,           2023-07-30 10:21:00,           2023-07-30 13:21:00,3.53,35.468,6.573334,117.870283,0.904,296666,wiper
1690713060,           2023-07-30 10:31:00,           2023-07-30 13:31:00,3.53,35.648,6.714009,120.718356,0.904,296666,wiper
1690713660,           2023-07-30 10:41:00,           2023-07-30 13:41:00,3.53,35.675,6.677849,120.116806,0.903,296666,wiper
1690714260,           2023-07-30 10:51:00,           2023-07-30 13:51:00,3.53,35.594,6.798452,122.13771,0.904,296666,wiper
1690714860,           2023-07-30 11:01:00,           2023-07-30 14:01:00,3.53,35.639,6.930691,124.597492,0.904,296666,wiper
1690715460,           2023-07-30 11:11:00,           2023-07-30 14:11:00,3.53,35.81,7.125596,128.430072,0.904,296666,wiper
1690716060,           2023-07-30 11:21:00,           2023-07-30 14:21:00,3.53,35.765,6.965004,125.451034,0.902,296666,wiper
1690716660,           2023-07-30 11:31:00,           2023-07-30 14:31:00,3.52,35.963,7.156962,129.291125,0.902,296666,wiper
1690717260,           2023-07-30 11:41:00,           2023-07-30 14:41:00,3.52,36.161,7.278596,131.878215,0.901,296666,wiper
1690717860,           2023-07-30 11:51:00,           2023-07-30 14:51:00,3.52,36.451,7.669169,139.557525,0.902,296666,wiper
1690718460,           2023-07-30 12:01:00,           2023-07-30 15:01:00,3.52,36.478,7.637859,139.043725,0.9,296666,wiper
1690719060,           2023-07-30 12:11:00,           2023-07-30 15:11:00,3.52,36.46,7.622297,138.7232,0.901,296666,wiper
1690719660,           2023-07-30 12:21:00,           2023-07-30 15:21:00,3.52,36.423,7.528013,136.931714,0.9,296666,wiper
1690720260,           2023-07-30 12:31:00,           2023-07-30 15:31:00,3.52,36.433,7.617982,138.588871,0.9,296666,wiper
1690720860,           2023-07-30 12:41:00,           2023-07-30 15:41:00,3.52,36.487,7.752926,141.157404,0.902,296666,wiper
1690721460,           2023-07-30 12:51:00,           2023-07-30 15:51:00,3.52,36.478,7.92773,144.320695,0.901,296666,wiper
1690722060,           2023-07-30 13:01:00,           2023-07-30 16:01:00,3.52,36.478,8.092098,147.312943,0.901,296666,wiper
1690722660,           2023-07-30 13:11:00,           2023-07-30 16:11:00,3.52,36.469,7.808613,142.133168,0.901,296666,wiper
1690723260,           2023-07-30 13:21:00,           2023-07-30 16:21:00,3.52,36.451,7.461894,135.7857,0.9,296666,wiper
1690723860,           2023-07-30 13:31:00,           2023-07-30 16:31:00,3.52,36.234,7.310046,132.592524,0.902,296666,wiper
1690724460,           2023-07-30 13:41:00,           2023-07-30 16:41:00,3.53,36.026,7.22067,130.564976,0.903,296666,wiper
1690725060,           2023-07-30 13:51:00,           2023-07-30 16:51:00,3.53,35.891,7.161951,129.241957,0.903,296666,wiper
1690725660,           2023-07-30 14:01:00,           2023-07-30 17:01:00,3.53,35.702,7.104364,127.8404,0.903,296666,wiper
1690726260,           2023-07-30 14:11:00,           2023-07-30 17:11:00,3.53,35.414,6.958553,124.676748,0.905,296666,wiper
1690726860,           2023-07-30 14:21:00,           2023-07-30 17:21:00,3.52,35.208,7.003541,125.094899,0.905,296666,wiper
1690727460,           2023-07-30 14:31:00,           2023-07-30 17:31:00,3.53,35.029,6.853176,122.079774,0.907,296666,wiper
1690728060,           2023-07-30 14:41:00,           2023-07-30 17:41:00,3.53,34.903,6.803545,120.965771,0.907,296666,wiper
1690728660,           2023-07-30 14:51:00,           2023-07-30 17:51:00,3.53,34.796,6.747636,119.778257,0.907,296666,wiper
1690729260,           2023-07-30 15:01:00,           2023-07-30 18:01:00,3.53,34.617,6.629709,117.367267,0.908,296666,wiper
1690729860,           2023-07-30 15:11:00,           2023-07-30 18:11:00,3.53,34.492,6.534111,115.456471,0.908,296666,wiper
1690730460,           2023-07-30 15:21:00,           2023-07-30 18:21:00,3.53,34.27,6.445773,113.513403,0.909,296666,wiper
1690731060,           2023-07-30 15:31:00,           2023-07-30 18:31:00,3.53,34.154,6.332561,111.323732,0.908,296666,wiper
1690731660,           2023-07-30 15:41:00,           2023-07-30 18:41:00,3.53,34.092,6.288444,110.444237,0.909,296666,wiper
1690732260,           2023-07-30 15:51:00,           2023-07-30 18:51:00,3.53,33.976,6.210789,108.88843,0.909,296666,wiper
1690732860,           2023-07-30 16:01:00,           2023-07-30 19:01:00,3.53,33.834,6.152304,107.630503,0.909,296666,wiper
1690733460,           2023-07-30 16:11:00,           2023-07-30 19:11:00,3.53,33.772,6.099344,106.603394,0.909,296666,wiper
1690734060,           2023-07-30 16:21:00,           2023-07-30 19:21:00,3.53,33.728,5.983614,104.510671,0.91,296666,wiper
1690734660,           2023-07-30 16:31:00,           2023-07-30 19:31:00,3.53,33.639,5.924809,103.343412,0.91,296666,wiper
1690735260,           2023-07-30 16:41:00,           2023-07-30 19:41:00,3.53,33.577,5.83639,101.705031,0.91,296666,wiper
1690735860,           2023-07-30 16:51:00,           2023-07-30 19:51:00,3.53,33.497,5.772039,100.461019,0.91,296666,wiper
1690736460,           2023-07-30 17:01:00,           2023-07-30 20:01:00,3.53,33.453,5.68137,98.816586,0.91,296666,wiper
1690737060,           2023-07-30 17:11:00,           2023-07-30 20:11:00,3.53,33.409,5.64232,98.071512,0.911,296666,wiper
1690737660,           2023-07-30 17:21:00,           2023-07-30 20:21:00,3.53,33.391,5.594605,97.215435,0.91,296666,wiper
1690738260,           2023-07-30 17:31:00,           2023-07-30 20:31:00,3.53,33.365,5.489581,95.352604,0.91,296666,wiper
1690738860,           2023-07-30 17:41:00,           2023-07-30 20:41:00,3.53,33.374,5.421109,94.176203,0.91,296666,wiper
1690739460,           2023-07-30 17:51:00,           2023-07-30 20:51:00,3.53,33.329,5.332887,92.579947,0.909,296666,wiper
1690740060,           2023-07-30 18:01:00,           2023-07-30 21:01:00,3.53,33.312,5.202951,90.300773,0.91,296666,wiper
1690740660,           2023-07-30 18:11:00,           2023-07-30 21:11:00,3.53,33.303,5.10694,88.622249,0.909,296666,wiper
1690741260,           2023-07-30 18:21:00,           2023-07-30 21:21:00,3.53,33.329,5.050681,87.680797,0.909,296666,wiper
1690741860,           2023-07-30 18:31:00,           2023-07-30 21:31:00,3.53,33.338,4.962855,86.167972,0.909,296666,wiper
1690742460,           2023-07-30 18:41:00,           2023-07-30 21:41:00,3.53,33.338,4.924959,85.509988,0.909,296666,wiper
1690743060,           2023-07-30 18:51:00,           2023-07-30 21:51:00,3.53,33.347,4.90083,85.102748,0.909,296666,wiper
1690743660,           2023-07-30 19:01:00,           2023-07-30 22:01:00,3.53,33.374,4.887303,84.902866,0.909,296666,wiper
1690744260,           2023-07-30 19:11:00,           2023-07-30 22:11:00,3.53,33.391,4.786621,83.175385,0.909,296666,wiper
1690744860,           2023-07-30 19:21:00,           2023-07-30 22:21:00,3.53,33.436,4.762724,82.817001,0.909,296666,wiper
1690745460,           2023-07-30 19:31:00,           2023-07-30 22:31:00,3.53,33.524,4.839917,84.272346,0.908,296666,wiper
1690746060,           2023-07-30 19:41:00,           2023-07-30 22:41:00,3.53,33.506,4.875284,84.864848,0.908,296666,wiper
1690746660,           2023-07-30 19:51:00,           2023-07-30 22:51:00,3.53,33.471,4.671016,81.265721,0.908,296666,wiper
1690747260,           2023-07-30 20:01:00,           2023-07-30 23:01:00,3.53,33.551,4.92559,85.799394,0.909,296666,wiper
1690747860,           2023-07-30 20:11:00,           2023-07-30 23:11:00,3.53,33.799,4.890143,85.504289,0.908,296666,wiper
1690748460,           2023-07-30 20:21:00,           2023-07-30 23:21:00,3.53,34.003,5.002871,87.747009,0.908,296666,wiper
1690749060,           2023-07-30 20:31:00,           2023-07-30 23:31:00,3.53,34.11,4.926916,86.555284,0.907,296666,wiper
1690749660,           2023-07-30 20:41:00,           2023-07-30 23:41:00,3.53,34.127,4.919764,86.451947,0.907,296666,wiper
1690750260,           2023-07-30 20:51:00,           2023-07-30 23:51:00,3.53,34.19,5.070332,89.182952,0.907,296666,wiper
1690750860,           2023-07-30 21:01:00,           2023-07-31 00:01:00,3.53,33.941,4.444829,77.885936,0.907,296666,wiper
1690751460,           2023-07-30 21:11:00,           2023-07-31 00:11:00,3.53,33.887,4.363004,76.389415,0.907,296666,wiper
1690752060,           2023-07-30 21:21:00,           2023-07-31 00:21:00,3.53,33.781,4.427726,77.397715,0.908,296666,wiper
1690752660,           2023-07-30 21:31:00,           2023-07-31 00:31:00,3.53,33.941,4.641731,81.336221,0.908,296666,wiper
1690753260,           2023-07-30 21:41:00,           2023-07-31 00:41:00,3.53,33.914,4.560059,79.872319,0.908,296666,wiper
1690753860,           2023-07-30 21:51:00,           2023-07-31 00:51:00,3.53,33.87,4.552525,79.687026,0.908,296666,wiper
1690754460,           2023-07-30 22:01:00,           2023-07-31 01:01:00,3.53,33.879,4.380709,76.690067,0.908,296666,wiper
1690755060,           2023-07-30 22:11:00,           2023-07-31 01:11:00,3.53,33.861,4.319278,75.593949,0.908,296666,wiper
1690755660,           2023-07-30 22:21:00,           2023-07-31 01:21:00,3.53,33.816,4.343219,75.960945,0.908,296666,wiper
1690756260,           2023-07-30 22:31:00,           2023-07-31 01:31:00,3.53,33.746,4.400892,76.887681,0.909,296666,wiper
1690756860,           2023-07-30 22:41:00,           2023-07-31 01:41:00,3.53,33.639,4.474461,78.045732,0.909,296666,wiper
1690757460,           2023-07-30 22:51:00,           2023-07-31 01:51:00,3.53,33.657,4.527004,78.983871,0.908,296666,wiper
1690758060,           2023-07-30 23:01:00,           2023-07-31 02:01:00,3.53,33.648,4.842351,84.474226,0.909,296666,wiper
1690758660,           2023-07-30 23:11:00,           2023-07-31 02:11:00,3.53,33.666,4.945724,86.301221,0.908,296666,wiper
1690759260,           2023-07-30 23:21:00,           2023-07-31 02:21:00,3.53,33.639,5.094771,88.865485,0.908,296666,wiper
1690759860,           2023-07-30 23:31:00,           2023-07-31 02:31:00,3.53,33.047,4.229834,73.114679,0.91,296666,wiper
1690760460,           2023-07-30 23:41:00,           2023-07-31 02:41:00,3.53,32.765,3.933306,67.695655,0.91,296666,wiper
1690761060,           2023-07-30 23:51:00,           2023-07-31 02:51:00,3.53,32.422,3.71722,63.640008,0.91,296666,wiper
1690761660,           2023-07-31 00:01:00,           2023-07-31 03:01:00,3.53,32.106,2.793925,47.600253,0.91,296666,wiper
1690762260,           2023-07-31 00:11:00,           2023-07-31 03:11:00,3.53,31.765,2.196413,37.223406,0.91,296666,wiper
1690762860,           2023-07-31 00:21:00,           2023-07-31 03:21:00,3.53,31.355,2.149301,36.193697,0.911,296666,wiper
1690763460,           2023-07-31 00:31:00,           2023-07-31 03:31:00,3.53,31.233,2.299263,38.645499,0.912,296666,wiper
1690764060,           2023-07-31 00:41:00,           2023-07-31 03:41:00,3.53,31.206,2.329723,39.140978,0.911,296666,wiper
1690764660,           2023-07-31 00:51:00,           2023-07-31 03:51:00,3.53,31.259,2.32588,39.108707,0.912,296666,wiper
1690765260,           2023-07-31 01:01:00,           2023-07-31 04:01:00,3.53,31.363,2.487043,41.886392,0.912,296666,wiper
1690765860,           2023-07-31 01:11:00,           2023-07-31 04:11:00,3.53,31.59,2.651128,44.807789,0.912,296666,wiper
1690766460,           2023-07-31 01:21:00,           2023-07-31 04:21:00,3.53,31.791,2.881188,48.848228,0.911,296666,wiper
1690767060,           2023-07-31 01:31:00,           2023-07-31 04:31:00,3.53,31.922,3.006454,51.075548,0.911,296666,wiper
1690767660,           2023-07-31 01:41:00,           2023-07-31 04:41:00,3.53,32.01,3.080066,52.397417,0.911,296666,wiper
1690768260,           2023-07-31 01:51:00,           2023-07-31 04:51:00,3.53,31.992,3.06872,52.189879,0.911,296666,wiper
1690768860,           2023-07-31 02:01:00,           2023-07-31 05:01:00,3.53,32.08,3.2003,54.501774,0.911,296666,wiper
1690769460,           2023-07-31 02:11:00,           2023-07-31 05:11:00,3.53,32.167,3.395502,57.903884,0.91,296666,wiper
1690770060,           2023-07-31 02:21:00,           2023-07-31 05:21:00,3.53,32.229,3.496431,59.682148,0.911,296666,wiper
1690770660,           2023-07-31 02:31:00,           2023-07-31 05:31:00,3.53,32.281,3.399265,58.070153,0.91,296666,wiper
1690771260,           2023-07-31 02:41:00,           2023-07-31 05:41:00,3.53,32.404,3.509367,60.064835,0.911,296666,wiper
1690771860,           2023-07-31 02:51:00,           2023-07-31 05:51:00,3.53,32.633,3.790812,65.111009,0.91,296666,wiper
1690772460,           2023-07-31 03:01:00,           2023-07-31 06:01:00,3.53,32.774,3.863261,66.499301,0.91,296666,wiper
1690773060,           2023-07-31 03:11:00,           2023-07-31 06:11:00,3.53,32.8,3.837617,66.084266,0.91,296666,wiper
1690773660,           2023-07-31 03:21:00,           2023-07-31 06:21:00,3.53,32.738,3.721274,64.019845,0.91,296666,wiper
1690774260,           2023-07-31 03:31:00,           2023-07-31 06:31:00,3.53,32.589,3.40395,58.426724,0.909,296666,wiper
1690774860,           2023-07-31 03:41:00,           2023-07-31 06:41:00,3.53,32.58,3.303224,56.689972,0.91,296666,wiper
1690775460,           2023-07-31 03:51:00,           2023-07-31 06:51:00,3.53,32.615,3.382325,58.078755,0.91,296666,wiper
1690776060,           2023-07-31 04:01:00,           2023-07-31 07:01:00,3.53,32.686,3.576805,61.485299,0.91,296666,wiper
1690776660,           2023-07-31 04:11:00,           2023-07-31 07:11:00,3.53,32.738,3.643127,62.675415,0.91,296666,wiper
1690777260,           2023-07-31 04:21:00,           2023-07-31 07:21:00,3.53,32.844,3.72585,64.202966,0.909,296666,wiper
1690777860,           2023-07-31 04:31:00,           2023-07-31 07:31:00,3.52,32.923,3.851971,66.456726,0.91,296666,wiper
1690778460,           2023-07-31 04:41:00,           2023-07-31 07:41:00,3.53,33.011,3.926587,67.835486,0.909,296666,wiper
1690779060,           2023-07-31 04:51:00,           2023-07-31 07:51:00,3.53,33.091,4.032612,69.752574,0.909,296666,wiper
1690779660,           2023-07-31 05:01:00,           2023-07-31 08:01:00,3.53,33.153,4.001518,69.280458,0.909,296666,wiper
1690780260,           2023-07-31 05:11:00,           2023-07-31 08:11:00,3.53,33.232,4.131751,71.621739,0.909,296666,wiper
1690780860,           2023-07-31 05:21:00,           2023-07-31 08:21:00,3.53,33.347,4.479123,77.779823,0.909,296666,wiper
1690781460,           2023-07-31 05:31:00,           2023-07-31 08:31:00,3.53,33.506,4.718016,82.127272,0.909,296666,wiper
1690782060,           2023-07-31 05:41:00,           2023-07-31 08:41:00,3.53,33.595,4.842807,84.413984,0.909,296666,wiper
1690782660,           2023-07-31 05:51:00,           2023-07-31 08:51:00,3.53,33.683,4.825641,84.227624,0.908,296666,wiper
1690783260,           2023-07-31 06:01:00,           2023-07-31 09:01:00,3.53,33.701,4.59746,80.266902,0.908,296666,wiper
1690783860,           2023-07-31 06:11:00,           2023-07-31 09:11:00,3.53,33.675,4.533569,79.120096,0.908,296666,wiper
1690784460,           2023-07-31 06:21:00,           2023-07-31 09:21:00,3.53,33.763,4.818907,84.212575,0.908,296666,wiper
1690785060,           2023-07-31 06:31:00,           2023-07-31 09:31:00,3.53,33.843,4.90738,85.863127,0.908,296666,wiper
1690785660,           2023-07-31 06:41:00,           2023-07-31 09:41:00,3.52,33.941,5.043606,88.378195,0.907,296666,wiper
1690786260,           2023-07-31 06:51:00,           2023-07-31 09:51:00,3.52,34.074,5.137334,90.202596,0.908,296666,wiper
1690786860,           2023-07-31 07:01:00,           2023-07-31 10:01:00,3.52,34.199,5.235881,92.107404,0.907,296666,wiper
1690787460,           2023-07-31 07:11:00,           2023-07-31 10:11:00,3.53,34.305,5.297183,93.335629,0.906,296666,wiper
1690788060,           2023-07-31 07:21:00,           2023-07-31 10:21:00,3.53,34.43,5.449887,96.208163,0.906,296666,wiper
1690788660,           2023-07-31 07:31:00,           2023-07-31 10:31:00,3.53,34.528,5.566902,98.419647,0.906,296666,wiper
1690789260,           2023-07-31 07:41:00,           2023-07-31 10:41:00,3.53,34.68,5.896803,104.491866,0.906,296666,wiper
1690789860,           2023-07-31 07:51:00,           2023-07-31 10:51:00,3.53,34.841,5.696084,101.180671,0.905,296666,wiper
1690790460,           2023-07-31 08:01:00,           2023-07-31 11:01:00,3.52,35.136,6.192984,110.497227,0.906,296666,wiper
1690791060,           2023-07-31 08:11:00,           2023-07-31 11:11:00,3.52,35.36,6.485077,116.099243,0.904,296666,wiper
1690791660,           2023-07-31 08:21:00,           2023-07-31 11:21:00,3.53,35.54,6.67262,119.779996,0.904,296666,wiper
1690792260,           2023-07-31 08:31:00,           2023-07-31 11:31:00,3.53,35.666,6.777257,121.88845,0.903,296666,wiper
1690792860,           2023-07-31 08:41:00,           2023-07-31 11:41:00,3.53,35.819,6.843338,123.359357,0.903,296666,wiper
1690793460,           2023-07-31 08:51:00,           2023-07-31 11:51:00,3.52,35.936,6.945527,125.420878,0.903,296666,wiper
1690794060,           2023-07-31 09:01:00,           2023-07-31 12:01:00,3.52,36.08,6.975158,126.227467,0.902,296666,wiper
1690794660,           2023-07-31 09:11:00,           2023-07-31 12:11:00,3.52,36.179,6.995483,126.782679,0.901,296666,wiper
1690795260,           2023-07-31 09:21:00,           2023-07-31 12:21:00,3.52,36.198,7.087119,128.479887,0.901,296666,wiper
1690795860,           2023-07-31 09:31:00,           2023-07-31 12:31:00,3.52,35.999,7.049676,127.421588,0.902,296666,wiper
1690796460,           2023-07-31 09:41:00,           2023-07-31 12:41:00,3.53,35.855,6.939937,125.168105,0.903,296666,wiper
1690797060,           2023-07-31 09:51:00,           2023-07-31 12:51:00,3.53,35.873,6.907738,124.620944,0.903,296666,wiper
1690797660,           2023-07-31 10:01:00,           2023-07-31 13:01:00,3.52,36.026,7.029694,127.111728,0.901,296666,wiper
1690798260,           2023-07-31 10:11:00,           2023-07-31 13:11:00,3.52,36.08,6.992962,126.549663,0.901,296666,wiper
1690798860,           2023-07-31 10:21:00,           2023-07-31 13:21:00,3.52,36.207,7.10339,128.792171,0.901,296666,wiper
1690799460,           2023-07-31 10:31:00,           2023-07-31 13:31:00,3.52,36.152,7.034896,127.445558,0.9,296666,wiper
1690800060,           2023-07-31 10:41:00,           2023-07-31 13:41:00,3.52,36.08,7.013194,126.915795,0.902,296666,wiper
1690800660,           2023-07-31 10:51:00,           2023-07-31 13:51:00,3.53,35.945,6.867123,124.021768,0.902,296666,wiper
1690801260,           2023-07-31 11:01:00,           2023-07-31 14:01:00,3.53,35.819,6.79318,122.455198,0.902,296666,wiper
1690801860,           2023-07-31 11:11:00,           2023-07-31 14:11:00,3.53,35.648,6.69298,120.340247,0.903,296666,wiper
1690802460,           2023-07-31 11:21:00,           2023-07-31 14:21:00,3.53,35.648,6.76173,121.576371,0.904,296666,wiper
1690803060,           2023-07-31 11:31:00,           2023-07-31 14:31:00,3.53,35.693,6.775071,121.898454,0.903,296666,wiper
1690803660,           2023-07-31 11:41:00,           2023-07-31 14:41:00,3.53,35.639,6.709886,120.627937,0.902,296666,wiper
1690804260,           2023-07-31 11:51:00,           2023-07-31 14:51:00,3.53,35.648,6.73423,121.081921,0.903,296666,wiper
1690804860,           2023-07-31 12:01:00,           2023-07-31 15:01:00,3.53,35.486,6.66891,119.616434,0.903,296666,wiper
1690805460,           2023-07-31 12:11:00,           2023-07-31 15:11:00,3.53,35.531,6.719445,120.604266,0.904,296666,wiper
1690806060,           2023-07-31 12:21:00,           2023-07-31 15:21:00,3.53,35.495,6.664946,119.561481,0.903,296666,wiper
1690806660,           2023-07-31 12:31:00,           2023-07-31 15:31:00,3.53,35.666,6.964908,125.26333,0.904,296666,wiper
1690807260,           2023-07-31 12:41:00,           2023-07-31 15:41:00,3.53,35.783,6.96436,125.47325,0.903,296666,wiper
1690807860,           2023-07-31 12:51:00,           2023-07-31 15:51:00,3.53,35.711,6.901418,124.205204,0.903,296666,wiper
1690808460,           2023-07-31 13:01:00,           2023-07-31 16:01:00,3.53,35.702,6.843097,123.138994,0.902,296666,wiper
1690809060,           2023-07-31 13:11:00,           2023-07-31 16:11:00,3.53,35.711,6.996866,125.922998,0.902,296666,wiper
1690809660,           2023-07-31 13:21:00,           2023-07-31 16:21:00,3.53,35.792,7.164258,129.092114,0.903,296666,wiper
1690810260,           2023-07-31 13:31:00,           2023-07-31 16:31:00,3.53,35.63,6.8287,122.747372,0.903,296666,wiper
1690810860,           2023-07-31 13:41:00,           2023-07-31 16:41:00,3.53,35.423,6.733042,120.652562,0.901,296666,wiper
1690811460,           2023-07-31 13:51:00,           2023-07-31 16:51:00,3.53,35.378,6.748004,120.838972,0.903,296666,wiper
1690812060,           2023-07-31 14:01:00,           2023-07-31 17:01:00,3.52,35.244,6.535819,116.803816,0.903,296666,wiper
1690812660,           2023-07-31 14:11:00,           2023-07-31 17:11:00,3.52,35.333,6.719306,120.243737,0.904,296666,wiper
1690813260,           2023-07-31 14:21:00,           2023-07-31 17:21:00,3.53,35.36,6.669418,119.399409,0.903,296666,wiper
1690813860,           2023-07-31 14:31:00,           2023-07-31 17:31:00,3.52,35.342,6.755768,120.912588,0.904,296666,wiper
1690814460,           2023-07-31 14:41:00,           2023-07-31 17:41:00,3.53,35.414,6.909231,123.793029,0.904,296666,wiper
1690815060,           2023-07-31 14:51:00,           2023-07-31 17:51:00,3.53,35.396,6.896129,123.524899,0.903,296666,wiper
1690815660,           2023-07-31 15:01:00,           2023-07-31 18:01:00,3.53,35.54,7.347079,131.887197,0.905,296666,wiper
1690816260,           2023-07-31 15:11:00,           2023-07-31 18:11:00,3.53,35.522,7.388148,132.588605,0.906,296666,wiper
1690816860,           2023-07-31 15:21:00,           2023-07-31 18:21:00,3.53,35.486,7.487261,134.294721,0.905,296666,wiper
1690817460,           2023-07-31 15:31:00,           2023-07-31 18:31:00,3.52,35.36,7.46176,133.584331,0.906,296666,wiper
1690818060,           2023-07-31 15:41:00,           2023-07-31 18:41:00,3.53,35.172,7.385538,131.846577,0.906,296666,wiper
1690818660,           2023-07-31 15:51:00,           2023-07-31 18:51:00,3.53,35.127,7.318011,130.552655,0.906,296666,wiper
1690819260,           2023-07-31 16:01:00,           2023-07-31 19:01:00,3.53,35.046,7.249337,129.169899,0.908,296666,wiper
1690819860,           2023-07-31 16:11:00,           2023-07-31 19:11:00,3.53,34.912,7.120375,126.616129,0.907,296666,wiper
1690820460,           2023-07-31 16:21:00,           2023-07-31 19:21:00,3.53,34.805,7.031296,124.830493,0.907,296666,wiper
1690821060,           2023-07-31 16:31:00,           2023-07-31 19:31:00,3.53,34.617,6.959256,123.201312,0.909,296666,wiper
1690821660,           2023-07-31 16:41:00,           2023-07-31 19:41:00,3.53,34.51,6.699018,118.40259,0.908,296666,wiper
1690822260,           2023-07-31 16:51:00,           2023-07-31 19:51:00,3.53,34.305,6.585753,116.040043,0.908,296666,wiper
1690822860,           2023-07-31 17:01:00,           2023-07-31 20:01:00,3.53,34.234,6.498741,114.38378,0.908,296666,wiper
1690823460,           2023-07-31 17:11:00,           2023-07-31 20:11:00,3.53,34.181,6.43289,113.133787,0.908,296666,wiper
1690824060,           2023-07-31 17:21:00,           2023-07-31 20:21:00,3.53,34.127,6.330715,111.245713,0.909,296666,wiper
1690824660,           2023-07-31 17:31:00,           2023-07-31 20:31:00,3.53,34.074,6.319769,110.964073,0.908,296666,wiper
1690825260,           2023-07-31 17:41:00,           2023-07-31 20:41:00,3.53,34.003,6.304634,110.579067,0.909,296666,wiper
1690825860,           2023-07-31 17:51:00,           2023-07-31 20:51:00,3.53,33.976,6.154298,107.898021,0.909,296666,wiper
1690826460,           2023-07-31 18:01:00,           2023-07-31 21:01:00,3.53,33.914,6.101329,106.868626,0.909,296666,wiper
1690827060,           2023-07-31 18:11:00,           2023-07-31 21:11:00,3.53,33.861,6.060545,106.068775,0.91,296666,wiper
1690827660,           2023-07-31 18:21:00,           2023-07-31 21:21:00,3.53,33.808,6.025414,105.368964,0.909,296666,wiper
1690828260,           2023-07-31 18:31:00,           2023-07-31 21:31:00,3.53,33.799,5.972897,104.436274,0.909,296666,wiper
1690828860,           2023-07-31 18:41:00,           2023-07-31 21:41:00,3.53,33.772,5.782275,101.06171,0.909,296666,wiper
1690829460,           2023-07-31 18:51:00,           2023-07-31 21:51:00,3.53,33.754,5.347283,93.433393,0.908,296666,wiper
1690830060,           2023-07-31 19:01:00,           2023-07-31 22:01:00,3.53,33.701,5.618759,98.097732,0.909,296666,wiper
1690830660,           2023-07-31 19:11:00,           2023-07-31 22:11:00,3.53,33.675,5.456416,95.225681,0.909,296666,wiper
1690831260,           2023-07-31 19:21:00,           2023-07-31 22:21:00,3.53,33.63,5.459308,95.210853,0.909,296666,wiper
1690831860,           2023-07-31 19:31:00,           2023-07-31 22:31:00,3.53,33.604,5.353448,93.327674,0.909,296666,wiper
1690832460,           2023-07-31 19:41:00,           2023-07-31 22:41:00,3.53,33.604,5.481699,95.563488,0.909,296666,wiper
1690833060,           2023-07-31 19:51:00,           2023-07-31 22:51:00,3.53,33.692,5.220985,91.14052,0.908,296666,wiper
1690833660,           2023-07-31 20:01:00,           2023-07-31 23:01:00,3.53,33.879,5.574934,97.59655,0.908,296666,wiper
1690834260,           2023-07-31 20:11:00,           2023-07-31 23:11:00,3.53,33.852,5.406898,94.616016,0.908,296666,wiper
1690834860,           2023-07-31 20:21:00,           2023-07-31 23:21:00,3.53,33.754,5.309365,92.770845,0.909,296666,wiper
1690835460,           2023-07-31 20:31:00,           2023-07-31 23:31:00,3.53,33.781,5.366036,93.799599,0.908,296666,wiper
1690836060,           2023-07-31 20:41:00,           2023-07-31 23:41:00,3.53,33.808,5.410609,94.617605,0.909,296666,wiper
1690836660,           2023-07-31 20:51:00,           2023-07-31 23:51:00,3.53,33.808,5.358972,93.714604,0.909,296666,wiper
1690837260,           2023-07-31 21:01:00,           2023-08-01 00:01:00,3.53,33.781,5.411217,94.589372,0.909,296666,wiper
1690837860,           2023-07-31 21:11:00,           2023-08-01 00:11:00,3.53,33.781,5.382979,94.095764,0.908,296666,wiper
1690838460,           2023-07-31 21:21:00,           2023-08-01 00:21:00,3.53,33.746,5.266548,92.011509,0.908,296666,wiper
1690839060,           2023-07-31 21:31:00,           2023-08-01 00:31:00,3.53,33.719,5.158252,90.082443,0.908,296666,wiper
1690839660,           2023-07-31 21:41:00,           2023-08-01 00:41:00,3.53,33.692,5.055611,88.253653,0.909,296666,wiper
1690840260,           2023-07-31 21:51:00,           2023-08-01 00:51:00,3.53,33.683,5.18462,90.493303,0.909,296666,wiper
1690840860,           2023-07-31 22:01:00,           2023-08-01 01:01:00,3.53,33.639,5.127843,89.442351,0.908,296666,wiper
1690841460,           2023-07-31 22:11:00,           2023-08-01 01:11:00,3.53,33.621,5.043022,87.938729,0.908,296666,wiper
1690842060,           2023-07-31 22:21:00,           2023-08-01 01:21:00,3.53,33.577,5.062076,88.211826,0.909,296666,wiper
1690842660,           2023-07-31 22:31:00,           2023-08-01 01:31:00,3.53,33.604,5.071942,88.420131,0.909,296666,wiper
1690843260,           2023-07-31 22:41:00,           2023-08-01 01:41:00,3.53,33.604,5.121145,89.277897,0.908,296666,wiper
1690843860,           2023-07-31 22:51:00,           2023-08-01 01:51:00,3.53,33.604,5.054197,88.110774,0.908,296666,wiper
1690844460,           2023-07-31 23:01:00,           2023-08-01 02:01:00,3.53,33.604,5.040485,87.871724,0.909,296666,wiper
1690845060,           2023-07-31 23:11:00,           2023-08-01 02:11:00,3.53,33.604,5.013867,87.407687,0.909,296666,wiper
1690845660,           2023-07-31 23:21:00,           2023-08-01 02:21:00,3.53,33.595,4.946858,86.227676,0.909,296666,wiper
1690846260,           2023-07-31 23:31:00,           2023-08-01 02:31:00,3.53,33.604,4.891263,85.270305,0.909,296666,wiper
1690846860,           2023-07-31 23:41:00,           2023-08-01 02:41:00,3.53,33.595,4.893622,85.29974,0.908,296666,wiper
1690847460,           2023-07-31 23:51:00,           2023-08-01 02:51:00,3.53,33.586,4.908887,85.554084,0.909,296666,wiper
1690848060,           2023-08-01 00:01:00,           2023-08-01 03:01:00,3.53,33.559,4.899834,85.361159,0.909,296666,wiper
1690848660,           2023-08-01 00:11:00,           2023-08-01 03:11:00,3.53,33.559,4.862732,84.714803,0.908,296666,wiper
1690849260,           2023-08-01 00:21:00,           2023-08-01 03:21:00,3.53,33.533,4.769809,83.063022,0.908,296666,wiper
1690849860,           2023-08-01 00:31:00,           2023-08-01 03:31:00,3.53,33.082,4.236487,73.268931,0.909,296666,wiper
1690850460,           2023-08-01 00:41:00,           2023-08-01 03:41:00,3.53,32.985,4.191594,72.384886,0.909,296666,wiper
1690851060,           2023-08-01 00:51:00,           2023-08-01 03:51:00,3.53,32.941,4.164745,71.872744,0.909,296666,wiper
1690851660,           2023-08-01 01:01:00,           2023-08-01 04:01:00,3.53,32.906,4.046086,69.787531,0.91,296666,wiper
1690852260,           2023-08-01 01:11:00,           2023-08-01 04:11:00,3.53,32.765,3.483739,59.958217,0.909,296666,wiper
1690852860,           2023-08-01 01:21:00,           2023-08-01 04:21:00,3.53,32.457,3.349366,57.373152,0.91,296666,wiper
1690853460,           2023-08-01 01:31:00,           2023-08-01 04:31:00,3.53,32.229,3.117242,53.209596,0.91,296666,wiper
1690854060,           2023-08-01 01:41:00,           2023-08-01 04:41:00,3.53,32.115,2.863991,48.800748,0.91,296666,wiper
1690854660,           2023-08-01 01:51:00,           2023-08-01 04:51:00,3.53,32.062,2.53136,43.097599,0.91,296666,wiper
1690855260,           2023-08-01 02:01:00,           2023-08-01 05:01:00,3.53,32.036,2.348566,39.969364,0.91,296666,wiper
1690855860,           2023-08-01 02:11:00,           2023-08-01 05:11:00,3.53,32.01,2.372624,40.362578,0.91,296666,wiper
1690856460,           2023-08-01 02:21:00,           2023-08-01 05:21:00,3.53,31.887,2.244268,38.106396,0.911,296666,wiper
1690857060,           2023-08-01 02:31:00,           2023-08-01 05:31:00,3.53,31.835,2.016394,34.209657,0.91,296666,wiper
1690857660,           2023-08-01 02:41:00,           2023-08-01 05:41:00,3.53,31.852,2.034949,34.533555,0.911,296666,wiper
1690858260,           2023-08-01 02:51:00,           2023-08-01 05:51:00,3.53,31.905,2.118791,35.985895,0.911,296666,wiper
1690858860,           2023-08-01 03:01:00,           2023-08-01 06:01:00,3.53,32.01,2.320311,39.47263,0.91,296666,wiper
1690859460,           2023-08-01 03:11:00,           2023-08-01 06:11:00,3.53,32.211,2.702561,46.11841,0.911,296666,wiper
1690860060,           2023-08-01 03:21:00,           2023-08-01 06:21:00,3.53,32.396,2.849819,48.770278,0.91,296666,wiper
1690860660,           2023-08-01 03:31:00,           2023-08-01 06:31:00,3.53,32.51,3.008934,51.583781,0.909,296666,wiper
1690861260,           2023-08-01 03:41:00,           2023-08-01 06:41:00,3.53,32.562,2.888335,49.555927,0.91,296666,wiper
1690861860,           2023-08-01 03:51:00,           2023-08-01 06:51:00,3.53,32.686,3.245709,55.793755,0.909,296666,wiper
1690862460,           2023-08-01 04:01:00,           2023-08-01 07:01:00,3.53,33.162,4.369158,75.656013,0.909,296666,wiper
1690863060,           2023-08-01 04:11:00,           2023-08-01 07:11:00,3.53,33.418,4.586811,79.736214,0.909,296666,wiper
1690863660,           2023-08-01 04:21:00,           2023-08-01 07:21:00,3.53,33.63,4.998719,87.178141,0.909,296666,wiper
1690864260,           2023-08-01 04:31:00,           2023-08-01 07:31:00,3.53,33.719,5.04773,88.152307,0.908,296666,wiper
1690864860,           2023-08-01 04:41:00,           2023-08-01 07:41:00,3.53,33.683,5.043449,88.029272,0.908,296666,wiper
1690865460,           2023-08-01 04:51:00,           2023-08-01 07:51:00,3.53,33.728,5.156702,90.067711,0.908,296666,wiper
1690866060,           2023-08-01 05:01:00,           2023-08-01 08:01:00,3.53,33.772,5.244145,91.656357,0.909,296666,wiper
1690866660,           2023-08-01 05:11:00,           2023-08-01 08:11:00,3.53,33.781,5.278901,92.276467,0.908,296666,wiper
1690867260,           2023-08-01 05:21:00,           2023-08-01 08:21:00,3.53,33.825,5.352641,93.628102,0.908,296666,wiper
1690867860,           2023-08-01 05:31:00,           2023-08-01 08:31:00,3.53,33.852,5.423843,94.912529,0.908,296666,wiper
1690868460,           2023-08-01 05:41:00,           2023-08-01 08:41:00,3.53,33.887,5.417646,94.854547,0.908,296666,wiper
1690869060,           2023-08-01 05:51:00,           2023-08-01 08:51:00,3.53,33.932,5.413135,94.840419,0.908,296666,wiper
1690869660,           2023-08-01 06:01:00,           2023-08-01 09:01:00,3.52,33.932,5.351805,93.7659,0.907,296666,wiper
1690870260,           2023-08-01 06:11:00,           2023-08-01 09:11:00,3.53,33.923,5.379984,94.246701,0.907,296666,wiper
1690870860,           2023-08-01 06:21:00,           2023-08-01 09:21:00,3.53,33.932,5.433309,95.193879,0.908,296666,wiper
1690871460,           2023-08-01 06:31:00,           2023-08-01 09:31:00,3.53,33.905,5.458125,95.589429,0.908,296666,wiper
1690872060,           2023-08-01 06:41:00,           2023-08-01 09:41:00,3.53,33.976,5.447353,95.503756,0.907,296666,wiper
1690872660,           2023-08-01 06:51:00,           2023-08-01 09:51:00,3.53,33.994,5.499943,96.452143,0.908,296666,wiper
1690873260,           2023-08-01 07:01:00,           2023-08-01 10:01:00,3.52,34.092,5.944602,104.405315,0.908,296666,wiper
1690873860,           2023-08-01 07:11:00,           2023-08-01 10:11:00,3.52,34.225,6.037701,106.254558,0.907,296666,wiper
1690874460,           2023-08-01 07:21:00,           2023-08-01 10:21:00,3.53,34.35,6.24219,110.061503,0.907,296666,wiper
1690875060,           2023-08-01 07:31:00,           2023-08-01 10:31:00,3.53,34.537,6.312408,111.614965,0.907,296666,wiper
1690875660,           2023-08-01 07:41:00,           2023-08-01 10:41:00,3.53,34.689,6.421131,113.79846,0.906,296666,wiper
1690876260,           2023-08-01 07:51:00,           2023-08-01 10:51:00,3.53,34.805,6.523116,115.808503,0.906,296666,wiper
1690876860,           2023-08-01 08:01:00,           2023-08-01 11:01:00,3.52,34.975,6.664396,118.620392,0.906,296666,wiper
1690877460,           2023-08-01 08:11:00,           2023-08-01 11:11:00,3.52,35.136,6.745034,120.347084,0.905,296666,wiper
1690878060,           2023-08-01 08:21:00,           2023-08-01 11:21:00,3.52,35.208,6.778012,121.066566,0.904,296666,wiper
1690878660,           2023-08-01 08:31:00,           2023-08-01 11:31:00,3.53,35.45,6.94352,124.474672,0.902,296666,wiper
1690879260,           2023-08-01 08:41:00,           2023-08-01 11:41:00,3.53,35.468,7.008376,125.671269,0.903,296666,wiper
1690879860,           2023-08-01 08:51:00,           2023-08-01 11:51:00,3.53,35.63,7.06487,126.992573,0.903,296666,wiper
1690880460,           2023-08-01 09:01:00,           2023-08-01 12:01:00,3.53,35.81,7.174944,129.319518,0.903,296666,wiper
1690881060,           2023-08-01 09:11:00,           2023-08-01 12:11:00,3.52,36.017,7.265091,131.350538,0.902,296666,wiper
1690881660,           2023-08-01 09:21:00,           2023-08-01 12:21:00,3.52,36.071,7.312541,132.315186,0.902,296666,wiper
1690882260,           2023-08-01 09:31:00,           2023-08-01 12:31:00,3.52,36.198,7.393882,134.041088,0.901,296666,wiper
1690882860,           2023-08-01 09:41:00,           2023-08-01 12:41:00,3.52,36.324,7.467141,135.624042,0.9,296666,wiper
1690883460,           2023-08-01 09:51:00,           2023-08-01 12:51:00,3.52,36.243,7.381363,133.904092,0.901,296666,wiper
1690884060,           2023-08-01 10:01:00,           2023-08-01 13:01:00,3.52,36.098,7.265859,131.523578,0.902,296666,wiper
1690884660,           2023-08-01 10:11:00,           2023-08-01 13:11:00,3.52,35.99,7.139412,129.026188,0.902,296666,wiper
1690885260,           2023-08-01 10:21:00,           2023-08-01 13:21:00,3.53,35.936,7.070942,127.685584,0.902,296666,wiper
1690885860,           2023-08-01 10:31:00,           2023-08-01 13:31:00,3.52,36.044,7.194134,130.120176,0.902,296666,wiper
1690886460,           2023-08-01 10:41:00,           2023-08-01 13:41:00,3.52,36.134,7.334184,132.831804,0.902,296666,wiper
1690887060,           2023-08-01 10:51:00,           2023-08-01 13:51:00,3.52,36.261,7.48272,135.77926,0.901,296666,wiper
1690887660,           2023-08-01 11:01:00,           2023-08-01 14:01:00,3.52,36.423,7.650269,139.155492,0.901,296666,wiper
1690888260,           2023-08-01 11:11:00,           2023-08-01 14:11:00,3.52,36.423,7.693989,139.95075,0.9,296666,wiper
1690888860,           2023-08-01 11:21:00,           2023-08-01 14:21:00,3.52,36.487,7.728635,140.715136,0.9,296666,wiper
1690889460,           2023-08-01 11:31:00,           2023-08-01 14:31:00,3.52,36.478,7.857286,143.038303,0.901,296666,wiper
1690890060,           2023-08-01 11:41:00,           2023-08-01 14:41:00,3.52,36.46,8.029564,146.135328,0.901,296666,wiper
1690890660,           2023-08-01 11:51:00,           2023-08-01 14:51:00,3.52,36.478,8.152015,148.403713,0.902,296666,wiper
1690891260,           2023-08-01 12:01:00,           2023-08-01 15:01:00,3.52,36.487,8.07195,146.965866,0.9,296666,wiper
1690891860,           2023-08-01 12:11:00,           2023-08-01 15:11:00,3.52,36.478,7.884006,143.524727,0.9,296666,wiper
1690892460,           2023-08-01 12:21:00,           2023-08-01 15:21:00,3.52,36.369,7.63678,138.798304,0.901,296666,wiper
1690893060,           2023-08-01 12:31:00,           2023-08-01 15:31:00,3.52,36.297,7.62959,138.518741,0.902,296666,wiper
1690893660,           2023-08-01 12:41:00,           2023-08-01 15:41:00,3.52,36.369,7.720976,140.328572,0.901,296666,wiper
1690894260,           2023-08-01 12:51:00,           2023-08-01 15:51:00,3.52,36.46,7.76561,141.331444,0.902,296666,wiper
1690894860,           2023-08-01 13:01:00,           2023-08-01 16:01:00,3.52,36.478,7.992505,145.499906,0.903,296666,wiper
1690895460,           2023-08-01 13:11:00,           2023-08-01 16:11:00,3.52,36.478,8.241892,150.039868,0.903,296666,wiper
1690896060,           2023-08-01 13:21:00,           2023-08-01 16:21:00,3.52,36.478,8.089669,147.268722,0.9,296666,wiper
1690896660,           2023-08-01 13:31:00,           2023-08-01 16:31:00,3.52,36.333,7.949716,144.408339,0.902,296666,wiper
1690897260,           2023-08-01 13:41:00,           2023-08-01 16:41:00,3.53,36.044,7.47494,135.199108,0.902,296666,wiper
1690897860,           2023-08-01 13:51:00,           2023-08-01 16:51:00,3.53,35.909,7.477667,134.975611,0.903,296666,wiper
1690898460,           2023-08-01 14:01:00,           2023-08-01 17:01:00,3.53,35.72,7.561558,136.104145,0.905,296666,wiper
1690899060,           2023-08-01 14:11:00,           2023-08-01 17:11:00,3.53,35.621,7.607484,136.727741,0.905,296666,wiper
1690899660,           2023-08-01 14:21:00,           2023-08-01 17:21:00,3.53,35.513,7.578908,135.993635,0.904,296666,wiper
1690900260,           2023-08-01 14:31:00,           2023-08-01 17:31:00,3.53,35.297,7.372209,131.856257,0.906,296666,wiper
1690900860,           2023-08-01 14:41:00,           2023-08-01 17:41:00,3.53,35.163,7.289262,130.110238,0.906,296666,wiper
1690901460,           2023-08-01 14:51:00,           2023-08-01 17:51:00,3.53,35.055,7.242958,129.073734,0.907,296666,wiper
1690902060,           2023-08-01 15:01:00,           2023-08-01 18:01:00,3.53,34.93,7.200543,128.076439,0.908,296666,wiper
1690902660,           2023-08-01 15:11:00,           2023-08-01 18:11:00,3.53,34.885,7.170215,127.450499,0.907,296666,wiper
1690903260,           2023-08-01 15:21:00,           2023-08-01 18:21:00,3.53,34.707,7.125696,126.319448,0.907,296666,wiper
1690903860,           2023-08-01 15:31:00,           2023-08-01 18:31:00,3.53,34.617,7.072336,125.203191,0.907,296666,wiper
1690904460,           2023-08-01 15:41:00,           2023-08-01 18:41:00,3.53,34.537,6.987584,123.55331,0.907,296666,wiper
1690905060,           2023-08-01 15:51:00,           2023-08-01 18:51:00,3.53,34.439,6.959208,122.869302,0.908,296666,wiper
1690905660,           2023-08-01 16:01:00,           2023-08-01 19:01:00,3.53,34.314,6.879721,121.236242,0.909,296666,wiper
1690906260,           2023-08-01 16:11:00,           2023-08-01 19:11:00,3.53,34.225,6.790093,119.495533,0.908,296666,wiper
1690906860,           2023-08-01 16:21:00,           2023-08-01 19:21:00,3.53,34.136,6.697257,117.702787,0.909,296666,wiper
1690907460,           2023-08-01 16:31:00,           2023-08-01 19:31:00,3.53,34.065,6.544876,114.900867,0.909,296666,wiper
1690908060,           2023-08-01 16:41:00,           2023-08-01 19:41:00,3.53,33.95,6.432492,112.730807,0.909,296666,wiper
1690908660,           2023-08-01 16:51:00,           2023-08-01 19:51:00,3.53,33.852,6.33481,110.853655,0.909,296666,wiper
1690909260,           2023-08-01 17:01:00,           2023-08-01 20:01:00,3.53,33.719,6.205392,108.369433,0.909,296666,wiper
1690909860,           2023-08-01 17:11:00,           2023-08-01 20:11:00,3.53,33.666,6.104109,106.514653,0.909,296666,wiper
1690910460,           2023-08-01 17:21:00,           2023-08-01 20:21:00,3.53,33.604,6.076974,105.941042,0.91,296666,wiper
1690911060,           2023-08-01 17:31:00,           2023-08-01 20:31:00,3.53,33.604,5.974535,104.155203,0.91,296666,wiper
1690911660,           2023-08-01 17:41:00,           2023-08-01 20:41:00,3.53,33.533,5.951373,103.639169,0.909,296666,wiper
1690912260,           2023-08-01 17:51:00,           2023-08-01 20:51:00,3.53,33.471,5.823447,101.315568,0.91,296666,wiper
1690912860,           2023-08-01 18:01:00,           2023-08-01 21:01:00,3.53,33.444,5.933712,103.191429,0.909,296666,wiper
1690913460,           2023-08-01 18:11:00,           2023-08-01 21:11:00,3.53,33.436,5.727203,99.587935,0.909,296666,wiper
1690914060,           2023-08-01 18:21:00,           2023-08-01 21:21:00,3.53,33.356,5.533862,96.108534,0.909,296666,wiper
1690914660,           2023-08-01 18:31:00,           2023-08-01 21:31:00,3.53,33.329,5.57639,96.807214,0.91,296666,wiper
1690915260,           2023-08-01 18:41:00,           2023-08-01 21:41:00,3.53,33.285,5.435765,94.30251,0.909,296666,wiper
1690915860,           2023-08-01 18:51:00,           2023-08-01 21:51:00,3.53,33.294,5.623692,97.576182,0.909,296666,wiper
1690916460,           2023-08-01 19:01:00,           2023-08-01 22:01:00,3.53,33.25,5.46614,94.778746,0.91,296666,wiper
1690917060,           2023-08-01 19:11:00,           2023-08-01 22:11:00,3.53,33.197,5.095715,88.284287,0.909,296666,wiper
1690917660,           2023-08-01 19:21:00,           2023-08-01 22:21:00,3.53,33.162,4.935052,85.455002,0.909,296666,wiper
1690918260,           2023-08-01 19:31:00,           2023-08-01 22:31:00,3.53,33.1,4.793572,82.926417,0.91,296666,wiper
1690918860,           2023-08-01 19:41:00,           2023-08-01 22:41:00,3.53,32.976,4.545336,78.482863,0.909,296666,wiper
1690919460,           2023-08-01 19:51:00,           2023-08-01 22:51:00,3.53,32.888,4.346553,74.949344,0.91,296666,wiper
1690920060,           2023-08-01 20:01:00,           2023-08-01 23:01:00,3.53,32.87,4.19979,72.398666,0.91,296666,wiper
1690920660,           2023-08-01 20:11:00,           2023-08-01 23:11:00,3.53,32.791,4.014824,69.126243,0.91,296666,wiper
1690921260,           2023-08-01 20:21:00,           2023-08-01 23:21:00,3.53,32.747,3.860699,66.427656,0.91,296666,wiper
1690921860,           2023-08-01 20:31:00,           2023-08-01 23:31:00,3.53,32.721,3.956429,68.047618,0.91,296666,wiper
1690922460,           2023-08-01 20:41:00,           2023-08-01 23:41:00,3.53,32.738,4.048366,69.64705,0.91,296666,wiper
1690923060,           2023-08-01 20:51:00,           2023-08-01 23:51:00,3.53,32.738,4.211912,72.460652,0.91,296666,wiper
1690923660,           2023-08-01 21:01:00,           2023-08-02 00:01:00,3.53,32.747,4.443993,76.463888,0.91,296666,wiper
1690924260,           2023-08-01 21:11:00,           2023-08-02 00:11:00,3.53,32.738,4.395599,75.620757,0.91,296666,wiper
1690924860,           2023-08-01 21:21:00,           2023-08-02 00:21:00,3.53,32.747,4.253053,73.178547,0.91,296666,wiper
1690925460,           2023-08-01 21:31:00,           2023-08-02 00:31:00,3.53,32.694,4.188292,72.005614,0.91,296666,wiper
1690926060,           2023-08-01 21:41:00,           2023-08-02 00:41:00,3.53,32.677,3.915908,67.305172,0.91,296666,wiper
1690926660,           2023-08-01 21:51:00,           2023-08-02 00:51:00,3.53,32.65,3.677319,63.178173,0.91,296666,wiper
1690927260,           2023-08-01 22:01:00,           2023-08-02 01:01:00,3.53,32.633,3.614401,62.080981,0.909,296666,wiper
1690927860,           2023-08-01 22:11:00,           2023-08-02 01:11:00,3.53,32.642,3.639418,62.519322,0.91,296666,wiper
1690928460,           2023-08-01 22:21:00,           2023-08-02 01:21:00,3.53,32.65,3.482377,59.828968,0.909,296666,wiper
1690929060,           2023-08-01 22:31:00,           2023-08-02 01:31:00,3.53,32.73,3.709148,63.803394,0.909,296666,wiper
1690929660,           2023-08-01 22:41:00,           2023-08-02 01:41:00,3.53,32.738,3.637487,62.578394,0.91,296666,wiper
1690930260,           2023-08-01 22:51:00,           2023-08-02 01:51:00,3.53,32.765,3.554639,61.178458,0.91,296666,wiper
1690930860,           2023-08-01 23:01:00,           2023-08-02 02:01:00,3.53,32.774,3.402409,58.566537,0.909,296666,wiper
1690931460,           2023-08-01 23:11:00,           2023-08-02 02:11:00,3.53,32.879,3.772767,65.046351,0.909,296666,wiper
1690932060,           2023-08-01 23:21:00,           2023-08-02 02:21:00,3.53,33.038,4.075034,70.429167,0.909,296666,wiper
1690932660,           2023-08-01 23:31:00,           2023-08-02 02:31:00,3.53,32.915,3.530397,60.901251,0.909,296666,wiper
1690933260,           2023-08-01 23:41:00,           2023-08-02 02:41:00,3.53,32.501,3.306887,56.683888,0.909,296666,wiper
1690933860,           2023-08-01 23:51:00,           2023-08-02 02:51:00,3.53,32.343,2.947037,50.392834,0.91,296666,wiper
1690934460,           2023-08-02 00:01:00,           2023-08-02 03:01:00,3.53,32.264,2.773612,47.3696,0.91,296666,wiper
1690935060,           2023-08-02 00:11:00,           2023-08-02 03:11:00,3.53,32.246,2.631041,44.922194,0.91,296666,wiper
1690935660,           2023-08-02 00:21:00,           2023-08-02 03:21:00,3.53,32.334,2.748923,46.99866,0.91,296666,wiper
1690936260,           2023-08-02 00:31:00,           2023-08-02 03:31:00,3.53,32.554,3.270081,56.098734,0.91,296666,wiper
1690936860,           2023-08-02 00:41:00,           2023-08-02 03:41:00,3.53,32.756,4.165289,71.678369,0.91,296666,wiper
1690937460,           2023-08-02 00:51:00,           2023-08-02 03:51:00,3.53,32.404,3.049558,52.194936,0.91,296666,wiper
1690938060,           2023-08-02 01:01:00,           2023-08-02 04:01:00,3.53,32.29,2.644085,45.175572,0.91,296666,wiper
1690938660,           2023-08-02 01:11:00,           2023-08-02 04:11:00,3.53,32.255,2.63671,45.025237,0.91,296666,wiper
1690939260,           2023-08-02 01:21:00,           2023-08-02 04:21:00,3.53,32.264,2.569919,43.890788,0.91,296666,wiper
1690939860,           2023-08-02 01:31:00,           2023-08-02 04:31:00,3.53,32.273,2.600546,44.420025,0.91,296666,wiper
1690940460,           2023-08-02 01:41:00,           2023-08-02 04:41:00,3.53,32.439,2.801672,47.978084,0.91,296666,wiper
1690941060,           2023-08-02 01:51:00,           2023-08-02 04:51:00,3.53,32.527,3.009006,51.598503,0.909,296666,wiper
1690941660,           2023-08-02 02:01:00,           2023-08-02 05:01:00,3.53,32.765,3.300045,56.796683,0.909,296666,wiper
1690942260,           2023-08-02 02:11:00,           2023-08-02 05:11:00,3.53,32.976,3.633046,62.730629,0.909,296666,wiper
1690942860,           2023-08-02 02:21:00,           2023-08-02 05:21:00,3.53,33.011,3.516359,60.748404,0.909,296666,wiper
1690943460,           2023-08-02 02:31:00,           2023-08-02 05:31:00,3.53,33.338,4.733056,82.178066,0.909,296666,wiper
1690944060,           2023-08-02 02:41:00,           2023-08-02 05:41:00,3.53,33.533,4.724643,82.276494,0.908,296666,wiper
1690944660,           2023-08-02 02:51:00,           2023-08-02 05:51:00,3.53,33.657,5.086023,88.737225,0.909,296666,wiper
1690945260,           2023-08-02 03:01:00,           2023-08-02 06:01:00,3.53,33.737,5.180968,90.50394,0.908,296666,wiper
1690945860,           2023-08-02 03:11:00,           2023-08-02 06:11:00,3.53,33.763,5.227945,91.360704,0.908,296666,wiper
1690946460,           2023-08-02 03:21:00,           2023-08-02 06:21:00,3.53,33.781,5.195801,90.823849,0.908,296666,wiper
1690947060,           2023-08-02 03:31:00,           2023-08-02 06:31:00,3.53,33.754,5.209325,91.022845,0.908,296666,wiper
1690947660,           2023-08-02 03:41:00,           2023-08-02 06:41:00,3.53,33.763,5.257796,91.882362,0.908,296666,wiper
1690948260,           2023-08-02 03:51:00,           2023-08-02 06:51:00,3.53,33.746,5.254447,91.800085,0.908,296666,wiper
1690948860,           2023-08-02 04:01:00,           2023-08-02 07:01:00,3.53,33.746,5.193133,90.728873,0.908,296666,wiper
1690949460,           2023-08-02 04:11:00,           2023-08-02 07:11:00,3.53,33.737,5.143857,89.855671,0.907,296666,wiper
1690950060,           2023-08-02 04:21:00,           2023-08-02 07:21:00,3.53,33.746,5.160862,90.165077,0.908,296666,wiper
1690950660,           2023-08-02 04:31:00,           2023-08-02 07:31:00,3.53,33.763,5.192446,90.740353,0.908,296666,wiper
1690951260,           2023-08-02 04:41:00,           2023-08-02 07:41:00,3.53,33.799,5.274997,92.233467,0.908,296666,wiper
1690951860,           2023-08-02 04:51:00,           2023-08-02 07:51:00,3.53,33.843,5.295484,92.653683,0.908,296666,wiper
1690952460,           2023-08-02 05:01:00,           2023-08-02 08:01:00,3.53,33.852,5.311687,92.949893,0.908,296666,wiper
1690953060,           2023-08-02 05:11:00,           2023-08-02 08:11:00,3.53,33.87,5.348127,93.613188,0.907,296666,wiper
1690953660,           2023-08-02 05:21:00,           2023-08-02 08:21:00,3.53,33.896,5.369296,94.020887,0.908,296666,wiper
1690954260,           2023-08-02 05:31:00,           2023-08-02 08:31:00,3.53,33.914,5.367814,94.020646,0.907,296666,wiper
1690954860,           2023-08-02 05:41:00,           2023-08-02 08:41:00,3.52,33.967,5.402901,94.71147,0.908,296666,wiper
1690955460,           2023-08-02 05:51:00,           2023-08-02 08:51:00,3.52,34.038,5.470409,95.998329,0.908,296666,wiper
1690956060,           2023-08-02 06:01:00,           2023-08-02 09:01:00,3.52,34.083,5.484464,96.310737,0.907,296666,wiper
1690956660,           2023-08-02 06:11:00,           2023-08-02 09:11:00,3.52,34.127,5.485598,96.394985,0.907,296666,wiper
1690957260,           2023-08-02 06:21:00,           2023-08-02 09:21:00,3.52,34.145,5.515598,96.948625,0.907,296666,wiper
1690957860,           2023-08-02 06:31:00,           2023-08-02 09:31:00,3.52,34.181,5.50295,96.779147,0.907,296666,wiper
1690958460,           2023-08-02 06:41:00,           2023-08-02 09:41:00,3.52,34.207,5.466009,96.16738,0.906,296666,wiper
1690959060,           2023-08-02 06:51:00,           2023-08-02 09:51:00,3.53,34.261,5.509196,97.006566,0.907,296666,wiper
1690959660,           2023-08-02 07:01:00,           2023-08-02 10:01:00,3.53,34.305,5.516789,97.205053,0.906,296666,wiper
1690960260,           2023-08-02 07:11:00,           2023-08-02 10:11:00,3.53,34.323,5.494316,96.835479,0.906,296666,wiper
1690960860,           2023-08-02 07:21:00,           2023-08-02 10:21:00,3.53,34.386,5.49236,96.893395,0.906,296666,wiper
1690961460,           2023-08-02 07:31:00,           2023-08-02 10:31:00,3.53,34.573,5.624582,99.50708,0.906,296666,wiper
1690962060,           2023-08-02 07:41:00,           2023-08-02 10:41:00,3.53,34.742,5.883559,104.354823,0.906,296666,wiper
1690962660,           2023-08-02 07:51:00,           2023-08-02 10:51:00,3.53,34.868,6.156032,109.395362,0.905,296666,wiper
1690963260,           2023-08-02 08:01:00,           2023-08-02 11:01:00,3.52,35.02,6.311635,112.417734,0.905,296666,wiper
1690963860,           2023-08-02 08:11:00,           2023-08-02 11:11:00,3.52,35.127,6.496816,115.902611,0.905,296666,wiper
1690964460,           2023-08-02 08:21:00,           2023-08-02 11:21:00,3.52,35.271,6.615277,118.27185,0.904,296666,wiper
1690965060,           2023-08-02 08:31:00,           2023-08-02 11:31:00,3.53,35.378,6.753664,120.940323,0.904,296666,wiper
1690965660,           2023-08-02 08:41:00,           2023-08-02 11:41:00,3.53,35.54,6.876413,123.438287,0.903,296666,wiper
1690966260,           2023-08-02 08:51:00,           2023-08-02 11:51:00,3.53,35.693,7.017731,126.264444,0.904,296666,wiper
1690966860,           2023-08-02 09:01:00,           2023-08-02 12:01:00,3.53,35.828,7.037582,126.87792,0.903,296666,wiper
1690967460,           2023-08-02 09:11:00,           2023-08-02 12:11:00,3.52,35.999,7.132213,128.913439,0.901,296666,wiper
1690968060,           2023-08-02 09:21:00,           2023-08-02 12:21:00,3.52,36.17,7.468074,135.329495,0.902,296666,wiper
1690968660,           2023-08-02 09:31:00,           2023-08-02 12:31:00,3.52,36.17,7.485071,135.637496,0.901,296666,wiper
1690969260,           2023-08-02 09:41:00,           2023-08-02 12:41:00,3.52,36.252,7.563578,137.228052,0.901,296666,wiper
1690969860,           2023-08-02 09:51:00,           2023-08-02 12:51:00,3.52,36.243,7.558633,137.119905,0.901,296666,wiper
1690970460,           2023-08-02 10:01:00,           2023-08-02 13:01:00,3.52,36.306,7.726821,140.302858,0.902,296666,wiper
1690971060,           2023-08-02 10:11:00,           2023-08-02 13:11:00,3.52,36.387,7.849883,142.70976,0.902,296666,wiper
1690971660,           2023-08-02 10:21:00,           2023-08-02 13:21:00,3.52,36.478,8.118008,147.784627,0.902,296666,wiper
1690972260,           2023-08-02 10:31:00,           2023-08-02 13:31:00,3.52,36.478,8.266992,150.496813,0.901,296666,wiper
1690972860,           2023-08-02 10:41:00,           2023-08-02 13:41:00,3.52,36.469,8.397255,152.847686,0.901,296666,wiper
1690973460,           2023-08-02 10:51:00,           2023-08-02 13:51:00,3.52,36.478,8.442696,153.695423,0.903,296666,wiper
1690974060,           2023-08-02 11:01:00,           2023-08-02 14:01:00,3.52,36.478,8.267802,150.511553,0.902,296666,wiper
1690974660,           2023-08-02 11:11:00,           2023-08-02 14:11:00,3.52,36.469,8.175401,148.809477,0.902,296666,wiper
1690975260,           2023-08-02 11:21:00,           2023-08-02 14:21:00,3.52,36.478,8.054852,146.634896,0.901,296666,wiper
1690975860,           2023-08-02 11:31:00,           2023-08-02 14:31:00,3.52,36.478,7.944733,144.630237,0.9,296666,wiper
1690976460,           2023-08-02 11:41:00,           2023-08-02 14:41:00,3.52,36.433,7.834158,142.521619,0.9,296666,wiper
1690977060,           2023-08-02 11:51:00,           2023-08-02 14:51:00,3.52,36.433,7.892453,143.582136,0.901,296666,wiper
1690977660,           2023-08-02 12:01:00,           2023-08-02 15:01:00,3.52,36.46,7.869248,143.217631,0.901,296666,wiper
1690978260,           2023-08-02 12:11:00,           2023-08-02 15:11:00,3.52,36.451,7.864298,143.108345,0.901,296666,wiper
1690978860,           2023-08-02 12:21:00,           2023-08-02 15:21:00,3.52,36.396,7.812733,142.053437,0.902,296666,wiper
1690979460,           2023-08-02 12:31:00,           2023-08-02 15:31:00,3.52,36.315,7.717197,140.146928,0.901,296666,wiper
1690980060,           2023-08-02 12:41:00,           2023-08-02 15:41:00,3.52,36.216,7.644166,138.615655,0.902,296666,wiper
1690980660,           2023-08-02 12:51:00,           2023-08-02 15:51:00,3.53,36.116,7.578425,137.218424,0.902,296666,wiper
1690981260,           2023-08-02 13:01:00,           2023-08-02 16:01:00,3.53,36.017,7.527276,136.090744,0.902,296666,wiper
1690981860,           2023-08-02 13:11:00,           2023-08-02 16:11:00,3.53,35.927,7.468134,134.839843,0.902,296666,wiper
1690982460,           2023-08-02 13:21:00,           2023-08-02 16:21:00,3.53,35.891,7.498527,135.315687,0.903,296666,wiper
1690983060,           2023-08-02 13:31:00,           2023-08-02 16:31:00,3.53,35.81,7.484788,134.904068,0.903,296666,wiper
1690983660,           2023-08-02 13:41:00,           2023-08-02 16:41:00,3.53,35.774,7.503041,135.160157,0.903,296666,wiper
1690984260,           2023-08-02 13:51:00,           2023-08-02 16:51:00,3.53,35.738,7.489743,134.847881,0.903,296666,wiper
1690984860,           2023-08-02 14:01:00,           2023-08-02 17:01:00,3.53,35.63,7.468461,134.247214,0.904,296666,wiper
1690985460,           2023-08-02 14:11:00,           2023-08-02 17:11:00,3.53,35.495,7.364434,132.109489,0.905,296666,wiper
1690986060,           2023-08-02 14:21:00,           2023-08-02 17:21:00,3.53,35.351,7.269248,130.120277,0.905,296666,wiper
1690986660,           2023-08-02 14:31:00,           2023-08-02 17:31:00,3.53,35.217,7.198439,128.59351,0.905,296666,wiper
1690987260,           2023-08-02 14:41:00,           2023-08-02 17:41:00,3.53,35.091,7.139852,127.305307,0.906,296666,wiper
1690987860,           2023-08-02 14:51:00,           2023-08-02 17:51:00,3.53,34.939,6.991341,124.372234,0.905,296666,wiper
1690988460,           2023-08-02 15:01:00,           2023-08-02 18:01:00,3.53,34.787,6.887321,122.241224,0.906,296666,wiper
1690989060,           2023-08-02 15:11:00,           2023-08-02 18:11:00,3.53,34.653,6.785925,120.198152,0.906,296666,wiper
1690989660,           2023-08-02 15:21:00,           2023-08-02 18:21:00,3.53,34.492,6.68755,118.167721,0.907,296666,wiper
1690990260,           2023-08-02 15:31:00,           2023-08-02 18:31:00,3.53,34.412,6.630307,117.01451,0.907,296666,wiper
1690990860,           2023-08-02 15:41:00,           2023-08-02 18:41:00,3.53,34.279,6.537081,115.137092,0.908,296666,wiper
1690991460,           2023-08-02 15:51:00,           2023-08-02 18:51:00,3.53,34.145,6.390602,112.328738,0.908,296666,wiper
1690992060,           2023-08-02 16:01:00,           2023-08-02 19:01:00,3.53,33.985,6.278655,110.093315,0.908,296666,wiper
1690992660,           2023-08-02 16:11:00,           2023-08-02 19:11:00,3.53,33.905,6.192438,108.449628,0.909,296666,wiper
1690993260,           2023-08-02 16:21:00,           2023-08-02 19:21:00,3.53,33.781,6.000989,104.898725,0.909,296666,wiper
1690993860,           2023-08-02 16:31:00,           2023-08-02 19:31:00,3.53,33.728,5.862602,102.397067,0.909,296666,wiper
1690994460,           2023-08-02 16:41:00,           2023-08-02 19:41:00,3.53,33.648,5.781297,100.854036,0.908,296666,wiper
1690995060,           2023-08-02 16:51:00,           2023-08-02 19:51:00,3.53,33.604,5.72852,99.866376,0.909,296666,wiper
1690995660,           2023-08-02 17:01:00,           2023-08-02 20:01:00,3.53,33.586,5.576741,97.193713,0.909,296666,wiper
1690996260,           2023-08-02 17:11:00,           2023-08-02 20:11:00,3.53,33.559,5.516043,96.096291,0.909,296666,wiper
1690996860,           2023-08-02 17:21:00,           2023-08-02 20:21:00,3.53,33.515,5.294728,92.178838,0.908,296666,wiper
1690997460,           2023-08-02 17:31:00,           2023-08-02 20:31:00,3.53,33.444,5.043414,87.708507,0.909,296666,wiper
1690998060,           2023-08-02 17:41:00,           2023-08-02 20:41:00,3.53,33.444,4.958738,86.235947,0.908,296666,wiper
1690998660,           2023-08-02 17:51:00,           2023-08-02 20:51:00,3.53,33.489,4.927591,85.753137,0.908,296666,wiper
1690999260,           2023-08-02 18:01:00,           2023-08-02 21:01:00,3.53,33.515,4.885828,85.060076,0.908,296666,wiper
1690999860,           2023-08-02 18:11:00,           2023-08-02 21:11:00,3.53,33.471,4.774243,83.061648,0.909,296666,wiper
1691000460,           2023-08-02 18:21:00,           2023-08-02 21:21:00,3.53,33.453,4.642675,80.750473,0.908,296666,wiper
1691001060,           2023-08-02 18:31:00,           2023-08-02 21:31:00,3.53,33.444,4.658746,81.018876,0.908,296666,wiper
1691001660,           2023-08-02 18:41:00,           2023-08-02 21:41:00,3.53,33.462,4.67741,81.365789,0.909,296666,wiper
1691002260,           2023-08-02 18:51:00,           2023-08-02 21:51:00,3.53,33.427,4.704603,81.795134,0.909,296666,wiper
1691002860,           2023-08-02 19:01:00,           2023-08-02 22:01:00,3.53,33.427,4.712667,81.935338,0.908,296666,wiper
1691003460,           2023-08-02 19:11:00,           2023-08-02 22:11:00,3.53,33.418,4.680353,81.362339,0.908,296666,wiper
1691004060,           2023-08-02 19:21:00,           2023-08-02 22:21:00,3.53,33.4,4.758457,82.697348,0.908,296666,wiper
1691004660,           2023-08-02 19:31:00,           2023-08-02 22:31:00,3.53,33.4,4.667336,81.113752,0.909,296666,wiper
1691005260,           2023-08-02 19:41:00,           2023-08-02 22:41:00,3.53,33.391,4.575352,79.504234,0.908,296666,wiper
1691005860,           2023-08-02 19:51:00,           2023-08-02 22:51:00,3.53,33.391,4.523744,78.607465,0.909,296666,wiper
1691006460,           2023-08-02 20:01:00,           2023-08-02 23:01:00,3.53,33.391,4.460041,77.500515,0.908,296666,wiper
1691007060,           2023-08-02 20:11:00,           2023-08-02 23:11:00,3.53,33.4,4.402843,76.517119,0.908,296666,wiper
1691007660,           2023-08-02 20:21:00,           2023-08-02 23:21:00,3.53,33.418,4.644872,80.745533,0.908,296666,wiper
1691008260,           2023-08-02 20:31:00,           2023-08-02 23:31:00,3.53,33.436,5.037713,87.59868,0.909,296666,wiper
1691008860,           2023-08-02 20:41:00,           2023-08-02 23:41:00,3.53,33.276,4.693953,81.421968,0.909,296666,wiper
1691009460,           2023-08-02 20:51:00,           2023-08-02 23:51:00,3.53,33.188,4.808664,83.299598,0.909,296666,wiper
1691010060,           2023-08-02 21:01:00,           2023-08-03 00:01:00,3.53,33.082,4.653204,80.47594,0.909,296666,wiper
1691010660,           2023-08-02 21:11:00,           2023-08-03 00:11:00,3.53,33.011,4.581018,79.141401,0.909,296666,wiper
1691011260,           2023-08-02 21:21:00,           2023-08-03 00:21:00,3.53,33.02,4.622179,79.863505,0.909,296666,wiper
1691011860,           2023-08-02 21:31:00,           2023-08-03 00:31:00,3.53,32.826,3.965063,68.306153,0.91,296666,wiper
1691012460,           2023-08-02 21:41:00,           2023-08-03 00:41:00,3.53,32.659,3.798199,65.263971,0.909,296666,wiper
1691013060,           2023-08-02 21:51:00,           2023-08-03 00:51:00,3.53,32.615,3.588534,61.619636,0.909,296666,wiper
1691013660,           2023-08-02 22:01:00,           2023-08-03 01:01:00,3.53,32.571,3.639864,62.458744,0.909,296666,wiper
1691014260,           2023-08-02 22:11:00,           2023-08-03 01:11:00,3.53,32.624,3.904342,67.05173,0.91,296666,wiper
1691014860,           2023-08-02 22:21:00,           2023-08-03 01:21:00,3.53,32.633,4.36918,75.045073,0.91,296666,wiper
1691015460,           2023-08-02 22:31:00,           2023-08-03 01:31:00,3.53,32.536,3.966686,68.030251,0.91,296666,wiper
1691016060,           2023-08-02 22:41:00,           2023-08-03 01:41:00,3.53,32.448,3.929154,67.295334,0.91,296666,wiper
1691016660,           2023-08-02 22:51:00,           2023-08-03 01:51:00,3.53,32.387,3.646982,62.403837,0.91,296666,wiper
1691017260,           2023-08-02 23:01:00,           2023-08-03 02:01:00,3.53,32.352,3.638751,62.229422,0.91,296666,wiper
1691017860,           2023-08-02 23:11:00,           2023-08-03 02:11:00,3.53,32.229,3.615582,61.715986,0.91,296666,wiper
1691018460,           2023-08-02 23:21:00,           2023-08-03 02:21:00,3.53,32.167,3.509007,59.839504,0.91,296666,wiper
1691019060,           2023-08-02 23:31:00,           2023-08-03 02:31:00,3.53,32.106,3.382332,57.624968,0.91,296666,wiper
1691019660,           2023-08-02 23:41:00,           2023-08-03 02:41:00,3.53,32.036,3.23471,55.050333,0.91,296666,wiper
1691020260,           2023-08-02 23:51:00,           2023-08-03 02:51:00,3.53,31.922,2.899425,49.25728,0.91,296666,wiper
1691020860,           2023-08-03 00:01:00,           2023-08-03 03:01:00,3.53,31.852,2.998915,50.892274,0.91,296666,wiper
1691021460,           2023-08-03 00:11:00,           2023-08-03 03:11:00,3.53,31.747,2.738607,46.399226,0.91,296666,wiper
1691022060,           2023-08-03 00:21:00,           2023-08-03 03:21:00,3.53,31.686,2.737566,46.33772,0.91,296666,wiper
1691022660,           2023-08-03 00:31:00,           2023-08-03 03:31:00,3.53,31.608,2.585238,43.706365,0.911,296666,wiper
1691023260,           2023-08-03 00:41:00,           2023-08-03 03:41:00,3.53,31.546,2.324418,39.259082,0.911,296666,wiper
1691023860,           2023-08-03 00:51:00,           2023-08-03 03:51:00,3.53,31.442,2.308795,38.932207,0.91,296666,wiper
1691024460,           2023-08-03 01:01:00,           2023-08-03 04:01:00,3.53,31.389,2.258765,38.057183,0.911,296666,wiper
1691025060,           2023-08-03 01:11:00,           2023-08-03 04:11:00,3.53,31.355,2.249007,37.872716,0.91,296666,wiper
1691025660,           2023-08-03 01:21:00,           2023-08-03 04:21:00,3.53,31.276,2.174787,36.577826,0.911,296666,wiper
1691026260,           2023-08-03 01:31:00,           2023-08-03 04:31:00,3.53,31.276,2.082328,35.022762,0.911,296666,wiper
1691026860,           2023-08-03 01:41:00,           2023-08-03 04:41:00,3.53,31.233,1.990551,33.456733,0.911,296666,wiper
1691027460,           2023-08-03 01:51:00,           2023-08-03 04:51:00,3.53,31.25,1.886085,31.709291,0.911,296666,wiper
1691028060,           2023-08-03 02:01:00,           2023-08-03 05:01:00,3.53,31.233,1.739722,29.24086,0.91,296666,wiper
1691028660,           2023-08-03 02:11:00,           2023-08-03 05:11:00,3.53,31.267,1.729355,29.082018,0.911,296666,wiper
1691029260,           2023-08-03 02:21:00,           2023-08-03 05:21:00,3.53,31.276,1.569384,26.395533,0.91,296666,wiper
1691029860,           2023-08-03 02:31:00,           2023-08-03 05:31:00,3.53,31.355,1.665246,28.042329,0.911,296666,wiper
1691030460,           2023-08-03 02:41:00,           2023-08-03 05:41:00,3.53,31.433,1.749869,29.503148,0.911,296666,wiper
1691031060,           2023-08-03 02:51:00,           2023-08-03 05:51:00,3.53,31.747,2.522994,42.746173,0.911,296666,wiper
1691031660,           2023-08-03 03:01:00,           2023-08-03 06:01:00,3.53,31.975,2.544731,43.266994,0.91,296666,wiper
1691032260,           2023-08-03 03:11:00,           2023-08-03 06:11:00,3.53,31.756,2.033064,34.450265,0.91,296666,wiper
1691032860,           2023-08-03 03:21:00,           2023-08-03 06:21:00,3.53,31.791,2.150633,36.462249,0.91,296666,wiper
1691033460,           2023-08-03 03:31:00,           2023-08-03 06:31:00,3.53,31.835,2.213527,37.554176,0.91,296666,wiper
1691034060,           2023-08-03 03:41:00,           2023-08-03 06:41:00,3.53,31.835,2.044556,34.687445,0.91,296666,wiper
1691034660,           2023-08-03 03:51:00,           2023-08-03 06:51:00,3.53,31.852,2.209557,37.496696,0.91,296666,wiper
1691035260,           2023-08-03 04:01:00,           2023-08-03 07:01:00,3.53,31.87,1.897403,32.208344,0.91,296666,wiper
1691035860,           2023-08-03 04:11:00,           2023-08-03 07:11:00,3.53,32.018,2.226171,37.875836,0.91,296666,wiper
1691036460,           2023-08-03 04:21:00,           2023-08-03 07:21:00,3.53,31.931,1.988501,33.786634,0.91,296666,wiper
1691037060,           2023-08-03 04:31:00,           2023-08-03 07:31:00,3.53,31.94,1.926561,32.738769,0.91,296666,wiper
1691037660,           2023-08-03 04:41:00,           2023-08-03 07:41:00,3.53,31.975,2.070713,35.207456,0.91,296666,wiper
1691038260,           2023-08-03 04:51:00,           2023-08-03 07:51:00,3.53,32.036,2.46044,41.873319,0.91,296666,wiper
1691038860,           2023-08-03 05:01:00,           2023-08-03 08:01:00,3.53,32.115,2.807645,47.840644,0.91,296666,wiper
1691039460,           2023-08-03 05:11:00,           2023-08-03 08:11:00,3.53,32.194,2.834522,48.357592,0.909,296666,wiper
1691040060,           2023-08-03 05:21:00,           2023-08-03 08:21:00,3.53,32.325,3.071766,52.511058,0.91,296666,wiper
1691040660,           2023-08-03 05:31:00,           2023-08-03 08:31:00,3.53,32.439,3.246203,55.590588,0.909,296666,wiper
1691041260,           2023-08-03 05:41:00,           2023-08-03 08:41:00,3.53,32.615,3.481402,59.780038,0.909,296666,wiper
1691041860,           2023-08-03 05:51:00,           2023-08-03 08:51:00,3.53,32.73,3.677728,63.262922,0.909,296666,wiper
1691042460,           2023-08-03 06:01:00,           2023-08-03 09:01:00,3.52,32.835,3.840221,66.164633,0.909,296666,wiper
1691043060,           2023-08-03 06:11:00,           2023-08-03 09:11:00,3.52,32.87,3.862163,66.578435,0.908,296666,wiper
1691043660,           2023-08-03 06:21:00,           2023-08-03 09:21:00,3.52,32.959,3.944034,68.082631,0.909,296666,wiper
1691044260,           2023-08-03 06:31:00,           2023-08-03 09:31:00,3.52,33.047,4.086368,70.634799,0.909,296666,wiper
1691044860,           2023-08-03 06:41:00,           2023-08-03 09:41:00,3.53,33.179,4.245115,73.527219,0.908,296666,wiper
1691045460,           2023-08-03 06:51:00,           2023-08-03 09:51:00,3.53,33.259,4.236714,73.471535,0.908,296666,wiper
1691046060,           2023-08-03 07:01:00,           2023-08-03 10:01:00,3.53,33.303,4.197463,72.839821,0.908,296666,wiper
1691046660,           2023-08-03 07:11:00,           2023-08-03 10:11:00,3.53,33.515,4.442249,77.337553,0.907,296666,wiper
1691047260,           2023-08-03 07:21:00,           2023-08-03 10:21:00,3.53,33.595,4.439508,77.384172,0.907,296666,wiper
1691047860,           2023-08-03 07:31:00,           2023-08-03 10:31:00,3.53,33.586,4.234581,73.801995,0.907,296666,wiper
1691048460,           2023-08-03 07:41:00,           2023-08-03 10:41:00,3.53,33.613,4.208119,73.370987,0.907,296666,wiper
1691049060,           2023-08-03 07:51:00,           2023-08-03 10:51:00,3.53,33.675,4.202021,73.333911,0.907,296666,wiper
1691049660,           2023-08-03 08:01:00,           2023-08-03 11:01:00,3.53,33.781,4.251036,74.30914,0.906,296666,wiper
1691050260,           2023-08-03 08:11:00,           2023-08-03 11:11:00,3.52,33.923,4.364831,76.463238,0.906,296666,wiper
1691050860,           2023-08-03 08:21:00,           2023-08-03 11:21:00,3.52,34.234,4.741256,83.450427,0.906,296666,wiper
1691051460,           2023-08-03 08:31:00,           2023-08-03 11:31:00,3.53,34.484,4.944745,87.36211,0.905,296666,wiper
1691052060,           2023-08-03 08:41:00,           2023-08-03 11:41:00,3.52,34.868,5.689825,101.110663,0.904,296666,wiper
1691052660,           2023-08-03 08:51:00,           2023-08-03 11:51:00,3.52,35.127,6.12744,109.312975,0.904,296666,wiper
1691053260,           2023-08-03 09:01:00,           2023-08-03 12:01:00,3.52,35.226,6.061959,108.305982,0.903,296666,wiper
1691053860,           2023-08-03 09:11:00,           2023-08-03 12:11:00,3.52,35.369,6.158511,110.267801,0.902,296666,wiper
1691054460,           2023-08-03 09:21:00,           2023-08-03 12:21:00,3.53,35.576,6.349439,114.040161,0.903,296666,wiper
1691055060,           2023-08-03 09:31:00,           2023-08-03 12:31:00,3.53,35.711,6.466237,116.373231,0.901,296666,wiper
1691055660,           2023-08-03 09:41:00,           2023-08-03 12:41:00,3.53,35.774,6.621282,119.276106,0.902,296666,wiper
1691056260,           2023-08-03 09:51:00,           2023-08-03 12:51:00,3.52,35.936,6.744055,121.782738,0.901,296666,wiper
1691056860,           2023-08-03 10:01:00,           2023-08-03 13:01:00,3.52,36.044,6.623621,119.80131,0.9,296666,wiper
1691057460,           2023-08-03 10:11:00,           2023-08-03 13:11:00,3.52,36.225,6.839682,124.044199,0.9,296666,wiper
1691058060,           2023-08-03 10:21:00,           2023-08-03 13:21:00,3.52,36.351,7.027001,127.681298,0.9,296666,wiper
1691058660,           2023-08-03 10:31:00,           2023-08-03 13:31:00,3.52,36.378,7.072584,128.56132,0.899,296666,wiper
1691059260,           2023-08-03 10:41:00,           2023-08-03 13:41:00,3.52,36.487,7.378842,134.346467,0.899,296666,wiper
1691059860,           2023-08-03 10:51:00,           2023-08-03 13:51:00,3.52,36.487,7.609608,138.548019,0.9,296666,wiper
1691060460,           2023-08-03 11:01:00,           2023-08-03 14:01:00,3.52,36.487,7.911628,144.046893,0.901,296666,wiper
1691061060,           2023-08-03 11:11:00,           2023-08-03 14:11:00,3.52,36.478,8.1674,148.683776,0.899,296666,wiper
1691061660,           2023-08-03 11:21:00,           2023-08-03 14:21:00,3.52,36.469,8.176211,148.824215,0.901,296666,wiper
1691062260,           2023-08-03 11:31:00,           2023-08-03 14:31:00,3.52,36.478,7.966595,145.028221,0.901,296666,wiper
1691062860,           2023-08-03 11:41:00,           2023-08-03 14:41:00,3.52,36.469,7.892821,143.665919,0.9,296666,wiper
1691063460,           2023-08-03 11:51:00,           2023-08-03 14:51:00,3.52,36.487,7.799079,141.997715,0.899,296666,wiper
1691064060,           2023-08-03 12:01:00,           2023-08-03 15:01:00,3.52,36.469,7.751126,141.086771,0.9,296666,wiper
1691064660,           2023-08-03 12:11:00,           2023-08-03 15:11:00,3.52,36.478,7.647575,139.220607,0.9,296666,wiper
1691065260,           2023-08-03 12:21:00,           2023-08-03 15:21:00,3.52,36.487,7.676813,139.771629,0.901,296666,wiper
1691065860,           2023-08-03 12:31:00,           2023-08-03 15:31:00,3.52,36.487,7.573171,137.884616,0.899,296666,wiper
1691066460,           2023-08-03 12:41:00,           2023-08-03 15:41:00,3.52,36.46,7.506513,136.615975,0.9,296666,wiper
1691067060,           2023-08-03 12:51:00,           2023-08-03 15:51:00,3.52,36.36,7.501492,136.32115,0.9,296666,wiper
1691067660,           2023-08-03 13:01:00,           2023-08-03 16:01:00,3.52,36.225,7.458896,135.274236,0.9,296666,wiper
1691068260,           2023-08-03 13:11:00,           2023-08-03 16:11:00,3.52,36.098,7.516741,136.064936,0.902,296666,wiper
1691068860,           2023-08-03 13:21:00,           2023-08-03 16:21:00,3.53,35.999,7.4656,134.939345,0.901,296666,wiper
1691069460,           2023-08-03 13:31:00,           2023-08-03 16:31:00,3.53,35.81,7.388518,133.16892,0.902,296666,wiper
1691070060,           2023-08-03 13:41:00,           2023-08-03 16:41:00,3.53,35.738,7.475183,134.585729,0.903,296666,wiper
1691070660,           2023-08-03 13:51:00,           2023-08-03 16:51:00,3.53,35.684,7.530464,135.47136,0.902,296666,wiper
1691071260,           2023-08-03 14:01:00,           2023-08-03 17:01:00,3.53,35.558,7.481501,134.336481,0.905,296666,wiper
1691071860,           2023-08-03 14:11:00,           2023-08-03 17:11:00,3.53,35.36,7.350185,131.586862,0.905,296666,wiper
1691072460,           2023-08-03 14:21:00,           2023-08-03 17:21:00,3.52,35.154,7.281092,129.946809,0.906,296666,wiper
1691073060,           2023-08-03 14:31:00,           2023-08-03 17:31:00,3.53,35.073,7.258488,129.385537,0.906,296666,wiper
1691073660,           2023-08-03 14:41:00,           2023-08-03 17:41:00,3.53,35.011,7.270011,129.470005,0.905,296666,wiper
1691074260,           2023-08-03 14:51:00,           2023-08-03 17:51:00,3.53,34.832,7.238383,128.559388,0.906,296666,wiper
1691074860,           2023-08-03 15:01:00,           2023-08-03 18:01:00,3.53,34.653,7.137297,126.421958,0.906,296666,wiper
1691075460,           2023-08-03 15:11:00,           2023-08-03 18:11:00,3.53,34.394,6.94183,122.479032,0.907,296666,wiper
1691076060,           2023-08-03 15:21:00,           2023-08-03 18:21:00,3.53,34.243,6.829816,120.227398,0.907,296666,wiper
1691076660,           2023-08-03 15:31:00,           2023-08-03 18:31:00,3.53,34.074,6.752386,118.560081,0.908,296666,wiper
1691077260,           2023-08-03 15:41:00,           2023-08-03 18:41:00,3.53,34.003,6.672646,117.033759,0.909,296666,wiper
1691077860,           2023-08-03 15:51:00,           2023-08-03 18:51:00,3.53,33.843,6.539677,114.422993,0.909,296666,wiper
1691078460,           2023-08-03 16:01:00,           2023-08-03 19:01:00,3.53,33.754,6.423516,112.238484,0.909,296666,wiper
1691079060,           2023-08-03 16:11:00,           2023-08-03 19:11:00,3.53,33.71,6.26824,109.452001,0.908,296666,wiper
1691079660,           2023-08-03 16:21:00,           2023-08-03 19:21:00,3.53,33.595,6.133361,106.909383,0.909,296666,wiper
1691080260,           2023-08-03 16:31:00,           2023-08-03 19:31:00,3.53,33.506,5.964057,103.817295,0.909,296666,wiper
1691080860,           2023-08-03 16:41:00,           2023-08-03 19:41:00,3.53,33.453,5.877335,102.225022,0.909,296666,wiper
1691081460,           2023-08-03 16:51:00,           2023-08-03 19:51:00,3.53,33.365,5.740354,99.708459,0.909,296666,wiper
1691082060,           2023-08-03 17:01:00,           2023-08-03 20:01:00,3.53,33.356,5.65078,98.139094,0.909,296666,wiper
1691082660,           2023-08-03 17:11:00,           2023-08-03 20:11:00,3.53,33.321,5.537627,96.122526,0.909,296666,wiper
1691083260,           2023-08-03 17:21:00,           2023-08-03 20:21:00,3.53,33.303,5.380267,93.365372,0.908,296666,wiper
1691083860,           2023-08-03 17:31:00,           2023-08-03 20:31:00,3.53,33.276,5.214787,90.456422,0.909,296666,wiper
1691084460,           2023-08-03 17:41:00,           2023-08-03 20:41:00,3.53,33.25,5.129948,88.949434,0.908,296666,wiper
1691085060,           2023-08-03 17:51:00,           2023-08-03 20:51:00,3.53,33.241,5.029109,87.188961,0.909,296666,wiper
1691085660,           2023-08-03 18:01:00,           2023-08-03 21:01:00,3.53,33.223,4.967714,86.100871,0.909,296666,wiper
1691086260,           2023-08-03 18:11:00,           2023-08-03 21:11:00,3.53,33.188,4.931198,85.422236,0.909,296666,wiper
1691086860,           2023-08-03 18:21:00,           2023-08-03 21:21:00,3.53,33.153,4.893879,84.730391,0.908,296666,wiper
1691087460,           2023-08-03 18:31:00,           2023-08-03 21:31:00,3.53,33.126,4.837272,83.715717,0.908,296666,wiper
1691088060,           2023-08-03 18:41:00,           2023-08-03 21:41:00,3.53,33.117,4.845273,83.842629,0.909,296666,wiper
1691088660,           2023-08-03 18:51:00,           2023-08-03 21:51:00,3.53,33.073,4.803872,83.07025,0.909,296666,wiper
1691089260,           2023-08-03 19:01:00,           2023-08-03 22:01:00,3.53,33.047,4.860924,84.023367,0.908,296666,wiper
1691089860,           2023-08-03 19:11:00,           2023-08-03 22:11:00,3.53,33.029,4.847908,83.775273,0.909,296666,wiper
1691090460,           2023-08-03 19:21:00,           2023-08-03 22:21:00,3.53,33.02,4.84946,83.790533,0.909,296666,wiper
1691091060,           2023-08-03 19:31:00,           2023-08-03 22:31:00,3.53,32.967,4.749979,82.005042,0.909,296666,wiper
1691091660,           2023-08-03 19:41:00,           2023-08-03 22:41:00,3.53,32.95,4.63382,79.978801,0.909,296666,wiper
1691092260,           2023-08-03 19:51:00,           2023-08-03 22:51:00,3.53,32.941,4.625704,79.827699,0.909,296666,wiper
1691092860,           2023-08-03 20:01:00,           2023-08-03 23:01:00,3.53,32.932,4.642569,80.1077,0.909,296666,wiper
1691093460,           2023-08-03 20:11:00,           2023-08-03 23:11:00,3.53,33.029,4.727013,81.686114,0.909,296666,wiper
1691094060,           2023-08-03 20:21:00,           2023-08-03 23:21:00,3.53,33.082,4.884534,84.476736,0.909,296666,wiper
1691094660,           2023-08-03 20:31:00,           2023-08-03 23:31:00,3.53,33.259,4.922005,85.355608,0.908,296666,wiper
1691095260,           2023-08-03 20:41:00,           2023-08-03 23:41:00,3.53,33.294,4.88596,84.775866,0.908,296666,wiper
1691095860,           2023-08-03 20:51:00,           2023-08-03 23:51:00,3.53,33.285,4.90525,85.098854,0.908,296666,wiper
1691096460,           2023-08-03 21:01:00,           2023-08-04 00:01:00,3.53,33.232,4.716243,81.753595,0.909,296666,wiper
1691097060,           2023-08-03 21:11:00,           2023-08-04 00:11:00,3.53,33.268,4.805162,83.340821,0.908,296666,wiper
1691097660,           2023-08-03 21:21:00,           2023-08-04 00:21:00,3.53,33.268,4.810806,83.438704,0.908,296666,wiper
1691098260,           2023-08-03 21:31:00,           2023-08-04 00:31:00,3.53,33.285,4.837525,83.923919,0.909,296666,wiper
1691098860,           2023-08-03 21:41:00,           2023-08-04 00:41:00,3.53,33.25,4.768763,82.686768,0.908,296666,wiper
1691099460,           2023-08-03 21:51:00,           2023-08-04 00:51:00,3.53,33.1,4.423595,76.52601,0.908,296666,wiper
1691100060,           2023-08-03 22:01:00,           2023-08-04 01:01:00,3.53,33.003,4.261815,73.617841,0.908,296666,wiper
1691100660,           2023-08-03 22:11:00,           2023-08-04 01:11:00,3.53,32.994,4.340743,74.970893,0.908,296666,wiper
1691101260,           2023-08-03 22:21:00,           2023-08-04 01:21:00,3.53,32.959,4.432405,76.512969,0.909,296666,wiper
1691101860,           2023-08-03 22:31:00,           2023-08-04 01:31:00,3.53,32.967,4.459049,76.982338,0.908,296666,wiper
1691102460,           2023-08-03 22:41:00,           2023-08-04 01:41:00,3.53,32.994,4.512406,77.935765,0.909,296666,wiper
1691103060,           2023-08-03 22:51:00,           2023-08-04 01:51:00,3.53,32.941,4.482258,77.352206,0.908,296666,wiper
1691103660,           2023-08-03 23:01:00,           2023-08-04 02:01:00,3.53,32.906,4.368419,75.347183,0.91,296666,wiper
1691104260,           2023-08-03 23:11:00,           2023-08-04 02:11:00,3.53,32.782,4.234729,72.902427,0.909,296666,wiper
1691104860,           2023-08-03 23:21:00,           2023-08-04 02:21:00,3.53,32.738,4.273947,73.52788,0.909,296666,wiper
1691105460,           2023-08-03 23:31:00,           2023-08-04 02:31:00,3.53,32.721,4.265789,73.368385,0.909,296666,wiper
1691106060,           2023-08-03 23:41:00,           2023-08-04 02:41:00,3.53,32.712,4.343881,74.701169,0.909,296666,wiper
1691106660,           2023-08-03 23:51:00,           2023-08-04 02:51:00,3.53,32.185,3.450329,58.855218,0.909,296666,wiper
1691107260,           2023-08-04 00:01:00,           2023-08-04 03:01:00,3.53,31.94,3.472478,59.009101,0.91,296666,wiper
1691107860,           2023-08-04 00:11:00,           2023-08-04 03:11:00,3.53,32.018,3.555757,60.497268,0.91,296666,wiper
1691108460,           2023-08-04 00:21:00,           2023-08-04 03:21:00,3.53,31.913,3.296917,56.002331,0.91,296666,wiper
1691109060,           2023-08-04 00:31:00,           2023-08-04 03:31:00,3.53,31.642,3.123511,52.834357,0.91,296666,wiper
1691109660,           2023-08-04 00:41:00,           2023-08-04 03:41:00,3.53,31.459,3.039062,51.259938,0.91,296666,wiper
1691110260,           2023-08-04 00:51:00,           2023-08-04 03:51:00,3.53,31.355,3.02253,50.898656,0.91,296666,wiper
1691110860,           2023-08-04 01:01:00,           2023-08-04 04:01:00,3.53,31.267,2.89271,48.645793,0.91,296666,wiper
1691111460,           2023-08-04 01:11:00,           2023-08-04 04:11:00,3.53,31.206,2.751774,46.231735,0.911,296666,wiper
1691112060,           2023-08-04 01:21:00,           2023-08-04 04:21:00,3.53,31.198,2.700293,45.36116,0.91,296666,wiper
1691112660,           2023-08-04 01:31:00,           2023-08-04 04:31:00,3.53,31.215,2.718045,45.671471,0.91,296666,wiper
1691113260,           2023-08-04 01:41:00,           2023-08-04 04:41:00,3.53,31.267,2.657145,44.684366,0.911,296666,wiper
1691113860,           2023-08-04 01:51:00,           2023-08-04 04:51:00,3.53,31.294,2.677348,45.043053,0.911,296666,wiper
1691114460,           2023-08-04 02:01:00,           2023-08-04 05:01:00,3.53,31.328,2.634059,44.338251,0.91,296666,wiper
1691115060,           2023-08-04 02:11:00,           2023-08-04 05:11:00,3.53,31.337,2.581025,43.451637,0.911,296666,wiper
1691115660,           2023-08-04 02:21:00,           2023-08-04 05:21:00,3.53,31.363,2.557802,43.078116,0.91,296666,wiper
1691116260,           2023-08-04 02:31:00,           2023-08-04 05:31:00,3.53,31.372,2.540145,42.786728,0.91,296666,wiper
1691116860,           2023-08-04 02:41:00,           2023-08-04 05:41:00,3.53,31.416,2.536283,42.75095,0.91,296666,wiper
1691117460,           2023-08-04 02:51:00,           2023-08-04 05:51:00,3.53,31.503,2.527751,42.664817,0.91,296666,wiper
1691118060,           2023-08-04 03:01:00,           2023-08-04 06:01:00,3.53,31.756,2.721747,46.120003,0.91,296666,wiper
1691118660,           2023-08-04 03:11:00,           2023-08-04 06:11:00,3.53,31.782,2.624495,44.489992,0.91,296666,wiper
1691119260,           2023-08-04 03:21:00,           2023-08-04 06:21:00,3.53,31.791,2.653493,44.98784,0.91,296666,wiper
1691119860,           2023-08-04 03:31:00,           2023-08-04 06:31:00,3.53,31.931,2.815769,47.842749,0.91,296666,wiper
1691120460,           2023-08-04 03:41:00,           2023-08-04 06:41:00,3.53,32.018,2.909475,49.501499,0.91,296666,wiper
1691121060,           2023-08-04 03:51:00,           2023-08-04 06:51:00,3.53,32.018,2.793579,47.529655,0.909,296666,wiper
1691121660,           2023-08-04 04:01:00,           2023-08-04 07:01:00,3.53,32.124,2.853562,48.62982,0.909,296666,wiper
1691122260,           2023-08-04 04:11:00,           2023-08-04 07:11:00,3.53,32.194,2.965743,50.596243,0.909,296666,wiper
1691122860,           2023-08-04 04:21:00,           2023-08-04 07:21:00,3.53,32.29,3.09577,52.892836,0.909,296666,wiper
1691123460,           2023-08-04 04:31:00,           2023-08-04 07:31:00,3.53,32.352,3.152403,53.911968,0.909,296666,wiper
1691124060,           2023-08-04 04:41:00,           2023-08-04 07:41:00,3.53,32.448,3.316306,56.798972,0.909,296666,wiper
1691124660,           2023-08-04 04:51:00,           2023-08-04 07:51:00,3.53,32.466,3.322832,56.926524,0.908,296666,wiper
1691125260,           2023-08-04 05:01:00,           2023-08-04 08:01:00,3.53,32.501,3.318968,56.890965,0.908,296666,wiper
1691125860,           2023-08-04 05:11:00,           2023-08-04 08:11:00,3.52,32.809,3.873923,66.718668,0.909,296666,wiper
1691126460,           2023-08-04 05:21:00,           2023-08-04 08:21:00,3.52,32.915,4.057418,69.99265,0.909,296666,wiper
1691127060,           2023-08-04 05:31:00,           2023-08-04 08:31:00,3.52,33.038,4.145154,71.641062,0.908,296666,wiper
1691127660,           2023-08-04 05:41:00,           2023-08-04 08:41:00,3.52,33.056,4.128331,71.369982,0.908,296666,wiper
1691128260,           2023-08-04 05:51:00,           2023-08-04 08:51:00,3.52,33.064,4.153363,71.811526,0.908,296666,wiper
1691128860,           2023-08-04 06:01:00,           2023-08-04 09:01:00,3.52,33.064,4.052612,70.069542,0.908,296666,wiper
1691129460,           2023-08-04 06:11:00,           2023-08-04 09:11:00,3.53,33.162,4.243403,73.47846,0.907,296666,wiper
1691130060,           2023-08-04 06:21:00,           2023-08-04 09:21:00,3.53,33.259,4.525342,78.476827,0.907,296666,wiper
1691130660,           2023-08-04 06:31:00,           2023-08-04 09:31:00,3.53,33.436,4.746595,82.536551,0.907,296666,wiper
1691131260,           2023-08-04 06:41:00,           2023-08-04 09:41:00,3.53,33.568,4.799073,83.617257,0.907,296666,wiper
1691131860,           2023-08-04 06:51:00,           2023-08-04 09:51:00,3.53,33.621,4.855078,84.661422,0.907,296666,wiper
1691132460,           2023-08-04 07:01:00,           2023-08-04 10:01:00,3.53,33.595,4.783925,83.387631,0.907,296666,wiper
1691133060,           2023-08-04 07:11:00,           2023-08-04 10:11:00,3.53,33.63,4.759148,83.000005,0.908,296666,wiper
1691133660,           2023-08-04 07:21:00,           2023-08-04 10:21:00,3.52,33.808,5.077388,88.790425,0.906,296666,wiper
1691134260,           2023-08-04 07:31:00,           2023-08-04 10:31:00,3.52,34.154,5.451895,95.841999,0.906,296666,wiper
1691134860,           2023-08-04 07:41:00,           2023-08-04 10:41:00,3.53,34.439,5.765694,101.797031,0.905,296666,wiper
1691135460,           2023-08-04 07:51:00,           2023-08-04 10:51:00,3.53,34.564,5.970999,105.621322,0.906,296666,wiper
1691136060,           2023-08-04 08:01:00,           2023-08-04 11:01:00,3.53,34.6,5.912325,104.640368,0.905,296666,wiper
1691136660,           2023-08-04 08:11:00,           2023-08-04 11:11:00,3.53,34.707,6.014149,106.614702,0.905,296666,wiper
1691137260,           2023-08-04 08:21:00,           2023-08-04 11:21:00,3.52,34.751,6.068629,107.65198,0.904,296666,wiper
1691137860,           2023-08-04 08:31:00,           2023-08-04 11:31:00,3.53,34.742,6.182463,109.656387,0.905,296666,wiper
1691138460,           2023-08-04 08:41:00,           2023-08-04 11:41:00,3.53,34.778,6.362111,112.904086,0.905,296666,wiper
1691139060,           2023-08-04 08:51:00,           2023-08-04 11:51:00,3.52,34.805,6.439901,114.331134,0.905,296666,wiper
1691139660,           2023-08-04 09:01:00,           2023-08-04 12:01:00,3.52,34.912,6.630708,117.908755,0.905,296666,wiper
1691140260,           2023-08-04 09:11:00,           2023-08-04 12:11:00,3.52,35.011,6.981506,124.332078,0.905,296666,wiper
1691140860,           2023-08-04 09:21:00,           2023-08-04 12:21:00,3.52,35.091,7.050139,125.705705,0.904,296666,wiper
1691141460,           2023-08-04 09:31:00,           2023-08-04 12:31:00,3.52,35.136,7.193625,128.350994,0.906,296666,wiper
1691142060,           2023-08-04 09:41:00,           2023-08-04 12:41:00,3.52,35.181,7.392901,131.995893,0.906,296666,wiper
1691142660,           2023-08-04 09:51:00,           2023-08-04 12:51:00,3.52,35.226,7.517831,134.317327,0.904,296666,wiper
1691143260,           2023-08-04 10:01:00,           2023-08-04 13:01:00,3.52,35.288,7.845865,140.308875,0.905,296666,wiper
1691143860,           2023-08-04 10:11:00,           2023-08-04 13:11:00,3.52,35.414,8.053357,144.292402,0.905,296666,wiper
1691144460,           2023-08-04 10:21:00,           2023-08-04 13:21:00,3.53,35.486,8.023394,143.911029,0.905,296666,wiper
1691145060,           2023-08-04 10:31:00,           2023-08-04 13:31:00,3.53,35.576,7.929722,142.423103,0.904,296666,wiper
1691145660,           2023-08-04 10:41:00,           2023-08-04 13:41:00,3.53,35.675,7.913769,142.347726,0.904,296666,wiper
1691146260,           2023-08-04 10:51:00,           2023-08-04 13:51:00,3.52,35.747,7.85951,141.524372,0.904,296666,wiper
1691146860,           2023-08-04 11:01:00,           2023-08-04 14:01:00,3.53,35.837,7.68569,138.581088,0.902,296666,wiper
1691147460,           2023-08-04 11:11:00,           2023-08-04 14:11:00,3.52,35.99,7.559377,136.615963,0.901,296666,wiper
1691148060,           2023-08-04 11:21:00,           2023-08-04 14:21:00,3.52,36.035,7.469997,135.091522,0.9,296666,wiper
1691148660,           2023-08-04 11:31:00,           2023-08-04 14:31:00,3.52,36.08,7.464771,135.087848,0.902,296666,wiper
1691149260,           2023-08-04 11:41:00,           2023-08-04 14:41:00,3.52,36.062,7.357774,133.115728,0.9,296666,wiper
1691149860,           2023-08-04 11:51:00,           2023-08-04 14:51:00,3.52,36.044,7.279914,131.671665,0.901,296666,wiper
1691150460,           2023-08-04 12:01:00,           2023-08-04 15:01:00,3.52,35.99,7.167733,129.538022,0.901,296666,wiper
1691151060,           2023-08-04 12:11:00,           2023-08-04 15:11:00,3.52,35.909,7.267302,131.178418,0.901,296666,wiper
1691151660,           2023-08-04 12:21:00,           2023-08-04 15:21:00,3.53,35.909,7.254357,130.944744,0.902,296666,wiper
1691152260,           2023-08-04 12:31:00,           2023-08-04 15:31:00,3.52,35.9,7.243753,130.735736,0.901,296666,wiper
1691152860,           2023-08-04 12:41:00,           2023-08-04 15:41:00,3.52,35.864,7.269301,131.12616,0.902,296666,wiper
1691153460,           2023-08-04 12:51:00,           2023-08-04 15:51:00,3.53,35.72,7.229102,130.120106,0.902,296666,wiper
1691154060,           2023-08-04 13:01:00,           2023-08-04 16:01:00,3.53,35.639,7.235612,130.079258,0.903,296666,wiper
1691154660,           2023-08-04 13:11:00,           2023-08-04 16:11:00,3.53,35.513,7.198021,129.159128,0.903,296666,wiper
1691155260,           2023-08-04 13:21:00,           2023-08-04 16:21:00,3.52,35.315,7.177545,128.409308,0.904,296666,wiper
1691155860,           2023-08-04 13:31:00,           2023-08-04 16:31:00,3.52,35.163,7.136493,127.383377,0.904,296666,wiper
1691156460,           2023-08-04 13:41:00,           2023-08-04 16:41:00,3.52,34.984,7.091966,126.247873,0.905,296666,wiper
1691157060,           2023-08-04 13:51:00,           2023-08-04 16:51:00,3.53,34.85,7.071308,125.626112,0.906,296666,wiper
1691157660,           2023-08-04 14:01:00,           2023-08-04 17:01:00,3.53,34.769,7.053578,125.158074,0.906,296666,wiper
1691158260,           2023-08-04 14:11:00,           2023-08-04 17:11:00,3.53,34.689,7.052823,124.993628,0.907,296666,wiper
1691158860,           2023-08-04 14:21:00,           2023-08-04 17:21:00,3.53,34.635,7.04989,124.839774,0.906,296666,wiper
1691159460,           2023-08-04 14:31:00,           2023-08-04 17:31:00,3.53,34.528,7.017381,124.063298,0.907,296666,wiper
1691160060,           2023-08-04 14:41:00,           2023-08-04 17:41:00,3.53,34.377,6.924715,122.145615,0.908,296666,wiper
1691160660,           2023-08-04 14:51:00,           2023-08-04 17:51:00,3.53,34.216,6.905451,121.509085,0.904,296666,wiper
1691161260,           2023-08-04 15:01:00,           2023-08-04 18:01:00,3.52,34.127,7.091887,124.621298,0.907,296666,wiper
1691161860,           2023-08-04 15:11:00,           2023-08-04 18:11:00,3.52,33.985,6.854871,120.196995,0.908,296666,wiper
1691162460,           2023-08-04 15:21:00,           2023-08-04 18:21:00,3.53,33.852,6.661596,116.572128,0.908,296666,wiper
1691163060,           2023-08-04 15:31:00,           2023-08-04 18:31:00,3.53,33.666,6.425166,112.116983,0.908,296666,wiper
1691163660,           2023-08-04 15:41:00,           2023-08-04 18:41:00,3.53,33.533,6.248175,108.807784,0.908,296666,wiper
1691164260,           2023-08-04 15:51:00,           2023-08-04 18:51:00,3.53,33.4,6.071246,105.512342,0.908,296666,wiper
1691164860,           2023-08-04 16:01:00,           2023-08-04 19:01:00,3.53,33.321,5.890784,102.252646,0.908,296666,wiper
1691165460,           2023-08-04 16:11:00,           2023-08-04 19:11:00,3.53,33.25,5.722516,99.224121,0.909,296666,wiper
1691166060,           2023-08-04 16:21:00,           2023-08-04 19:21:00,3.53,33.179,5.547025,96.076869,0.908,296666,wiper
1691166660,           2023-08-04 16:31:00,           2023-08-04 19:31:00,3.53,33.109,5.400594,93.440465,0.908,296666,wiper
1691167260,           2023-08-04 16:41:00,           2023-08-04 19:41:00,3.53,33.056,5.292195,91.490687,0.908,296666,wiper
1691167860,           2023-08-04 16:51:00,           2023-08-04 19:51:00,3.53,33.038,5.122807,88.537933,0.908,296666,wiper
1691168460,           2023-08-04 17:01:00,           2023-08-04 20:01:00,3.53,33.038,4.960805,85.738039,0.908,296666,wiper
1691169060,           2023-08-04 17:11:00,           2023-08-04 20:11:00,3.53,33.064,4.899727,84.716139,0.908,296666,wiper
1691169660,           2023-08-04 17:21:00,           2023-08-04 20:21:00,3.53,33.117,4.829957,83.577613,0.908,296666,wiper
1691170260,           2023-08-04 17:31:00,           2023-08-04 20:31:00,3.53,33.162,4.807686,83.249532,0.908,296666,wiper
1691170860,           2023-08-04 17:41:00,           2023-08-04 20:41:00,3.53,33.241,4.788053,83.009817,0.908,296666,wiper
1691171460,           2023-08-04 17:51:00,           2023-08-04 20:51:00,3.53,33.268,4.751144,82.403936,0.908,296666,wiper
1691172060,           2023-08-04 18:01:00,           2023-08-04 21:01:00,3.53,33.294,4.785984,83.041178,0.907,296666,wiper
1691172660,           2023-08-04 18:11:00,           2023-08-04 21:11:00,3.53,33.453,5.019283,87.300842,0.907,296666,wiper
1691173260,           2023-08-04 18:21:00,           2023-08-04 21:21:00,3.53,33.533,5.019832,87.417019,0.907,296666,wiper
1691173860,           2023-08-04 18:31:00,           2023-08-04 21:31:00,3.53,33.542,4.988439,86.88225,0.907,296666,wiper
1691174460,           2023-08-04 18:41:00,           2023-08-04 21:41:00,3.53,33.506,4.83012,84.078672,0.907,296666,wiper
1691175060,           2023-08-04 18:51:00,           2023-08-04 21:51:00,3.53,33.577,4.957221,86.384622,0.907,296666,wiper
1691175660,           2023-08-04 19:01:00,           2023-08-04 22:01:00,3.53,33.621,4.970425,86.672816,0.907,296666,wiper
1691176260,           2023-08-04 19:11:00,           2023-08-04 22:11:00,3.53,33.648,4.956089,86.458378,0.907,296666,wiper
1691176860,           2023-08-04 19:21:00,           2023-08-04 22:21:00,3.53,33.515,4.696299,81.760453,0.907,296666,wiper
1691177460,           2023-08-04 19:31:00,           2023-08-04 22:31:00,3.53,33.48,4.508166,78.44326,0.907,296666,wiper
1691178060,           2023-08-04 19:41:00,           2023-08-04 22:41:00,3.53,33.489,4.550159,79.184812,0.907,296666,wiper
1691178660,           2023-08-04 19:51:00,           2023-08-04 22:51:00,3.53,33.489,4.642098,80.784788,0.907,296666,wiper
1691179260,           2023-08-04 20:01:00,           2023-08-04 23:01:00,3.53,33.489,4.677583,81.402323,0.907,296666,wiper
1691179860,           2023-08-04 20:11:00,           2023-08-04 23:11:00,3.53,33.471,4.65408,80.971076,0.908,296666,wiper
1691180460,           2023-08-04 20:21:00,           2023-08-04 23:21:00,3.53,33.418,4.648904,80.815625,0.907,296666,wiper
1691181060,           2023-08-04 20:31:00,           2023-08-04 23:31:00,3.53,33.427,4.650574,80.855766,0.907,296666,wiper
1691181660,           2023-08-04 20:41:00,           2023-08-04 23:41:00,3.53,33.4,4.635887,80.567201,0.907,296666,wiper
1691182260,           2023-08-04 20:51:00,           2023-08-04 23:51:00,3.53,33.347,4.588783,79.684063,0.907,296666,wiper
1691182860,           2023-08-04 21:01:00,           2023-08-05 00:01:00,3.53,33.268,4.531042,78.586479,0.908,296666,wiper
1691183460,           2023-08-04 21:11:00,           2023-08-05 00:11:00,3.53,33.153,4.502917,77.96145,0.907,296666,wiper
1691184060,           2023-08-04 21:21:00,           2023-08-05 00:21:00,3.53,33.109,4.469596,77.332445,0.907,296666,wiper
1691184660,           2023-08-04 21:31:00,           2023-08-05 00:31:00,3.52,33.02,4.453733,76.953048,0.909,296666,wiper
1691185260,           2023-08-04 21:41:00,           2023-08-05 00:41:00,3.53,32.976,4.427673,76.451215,0.908,296666,wiper
1691185860,           2023-08-04 21:51:00,           2023-08-05 00:51:00,3.53,32.897,4.020249,69.332325,0.908,296666,wiper
1691186460,           2023-08-04 22:01:00,           2023-08-05 01:01:00,3.53,32.791,3.904443,67.225722,0.908,296666,wiper
1691187060,           2023-08-04 22:11:00,           2023-08-05 01:11:00,3.53,32.712,3.837148,65.986956,0.909,296666,wiper
1691187660,           2023-08-04 22:21:00,           2023-08-05 01:21:00,3.53,32.668,3.76844,64.761594,0.908,296666,wiper
1691188260,           2023-08-04 22:31:00,           2023-08-05 01:31:00,3.53,32.659,3.777254,64.904085,0.909,296666,wiper
1691188860,           2023-08-04 22:41:00,           2023-08-05 01:41:00,3.53,32.642,3.667612,63.003646,0.908,296666,wiper
1691189460,           2023-08-04 22:51:00,           2023-08-05 01:51:00,3.53,32.642,3.67889,63.197376,0.908,296666,wiper
1691190060,           2023-08-04 23:01:00,           2023-08-05 02:01:00,3.53,32.686,3.719394,63.936402,0.908,296666,wiper
1691190660,           2023-08-04 23:11:00,           2023-08-05 02:11:00,3.53,32.624,3.600662,61.836441,0.909,296666,wiper
1691191260,           2023-08-04 23:21:00,           2023-08-05 02:21:00,3.53,32.51,3.555794,60.958885,0.909,296666,wiper
1691191860,           2023-08-04 23:31:00,           2023-08-05 02:31:00,3.53,32.448,3.51361,60.178221,0.909,296666,wiper
1691192460,           2023-08-04 23:41:00,           2023-08-05 02:41:00,3.53,32.448,3.535353,60.550628,0.909,296666,wiper
1691193060,           2023-08-04 23:51:00,           2023-08-05 02:51:00,3.53,32.439,3.491822,59.796773,0.909,296666,wiper
1691193660,           2023-08-05 00:01:00,           2023-08-05 03:01:00,3.53,32.404,3.492456,59.775399,0.908,296666,wiper
1691194260,           2023-08-05 00:11:00,           2023-08-05 03:11:00,3.53,32.387,3.468216,59.34496,0.909,296666,wiper
1691194860,           2023-08-05 00:21:00,           2023-08-05 03:21:00,3.53,32.36,3.461643,59.20785,0.909,296666,wiper
1691195460,           2023-08-05 00:31:00,           2023-08-05 03:31:00,3.53,32.431,3.368572,57.679032,0.909,296666,wiper
1691196060,           2023-08-05 00:41:00,           2023-08-05 03:41:00,3.53,32.501,3.374539,57.843519,0.908,296666,wiper
1691196660,           2023-08-05 00:51:00,           2023-08-05 03:51:00,3.53,32.571,3.473134,59.597721,0.908,296666,wiper
1691197260,           2023-08-05 01:01:00,           2023-08-05 04:01:00,3.53,32.642,3.420312,58.755432,0.909,296666,wiper
1691197860,           2023-08-05 01:11:00,           2023-08-05 04:11:00,3.53,32.483,3.129625,53.630547,0.908,296666,wiper
1691198460,           2023-08-05 01:21:00,           2023-08-05 04:21:00,3.53,32.343,2.827867,48.355091,0.908,296666,wiper
1691199060,           2023-08-05 01:31:00,           2023-08-05 04:31:00,3.53,32.36,2.844039,48.644365,0.908,296666,wiper
1691199660,           2023-08-05 01:41:00,           2023-08-05 04:41:00,3.53,32.387,2.716112,46.475633,0.908,296666,wiper
1691200260,           2023-08-05 01:51:00,           2023-08-05 04:51:00,3.53,32.483,2.831642,48.52419,0.908,296666,wiper
1691200860,           2023-08-05 02:01:00,           2023-08-05 05:01:00,3.53,32.554,2.748157,47.145044,0.908,296666,wiper
1691201460,           2023-08-05 02:11:00,           2023-08-05 05:11:00,3.53,32.58,2.777253,47.663259,0.908,296666,wiper
1691202060,           2023-08-05 02:21:00,           2023-08-05 05:21:00,3.53,32.738,3.086426,53.098079,0.908,296666,wiper
1691202660,           2023-08-05 02:31:00,           2023-08-05 05:31:00,3.52,32.791,3.243765,55.850342,0.908,296666,wiper
1691203260,           2023-08-05 02:41:00,           2023-08-05 05:41:00,3.52,32.844,3.314911,57.121756,0.908,296666,wiper
1691203860,           2023-08-05 02:51:00,           2023-08-05 05:51:00,3.53,33.153,4.180474,72.378818,0.907,296666,wiper
1691204460,           2023-08-05 03:01:00,           2023-08-05 06:01:00,3.53,33.418,4.461818,77.563374,0.907,296666,wiper
1691205060,           2023-08-05 03:11:00,           2023-08-05 06:11:00,3.53,33.728,5.129273,89.588627,0.907,296666,wiper
1691205660,           2023-08-05 03:21:00,           2023-08-05 06:21:00,3.53,33.772,5.12716,89.611715,0.906,296666,wiper
1691206260,           2023-08-05 03:31:00,           2023-08-05 06:31:00,3.53,33.781,5.117541,89.45585,0.907,296666,wiper
1691206860,           2023-08-05 03:41:00,           2023-08-05 06:41:00,3.53,33.763,5.12387,89.541949,0.907,296666,wiper
1691207460,           2023-08-05 03:51:00,           2023-08-05 06:51:00,3.52,33.816,5.110523,89.38076,0.907,296666,wiper
1691208060,           2023-08-05 04:01:00,           2023-08-05 07:01:00,3.52,33.816,5.092773,89.070312,0.906,296666,wiper
1691208660,           2023-08-05 04:11:00,           2023-08-05 07:11:00,3.52,33.808,5.060444,88.494127,0.906,296666,wiper
1691209260,           2023-08-05 04:21:00,           2023-08-05 07:21:00,3.53,33.825,5.038776,88.138001,0.906,296666,wiper
1691209860,           2023-08-05 04:31:00,           2023-08-05 07:31:00,3.52,33.843,5.149441,90.098401,0.907,296666,wiper
1691210460,           2023-08-05 04:41:00,           2023-08-05 07:41:00,3.52,33.87,5.203692,91.08501,0.906,296666,wiper
1691211060,           2023-08-05 04:51:00,           2023-08-05 07:51:00,3.52,33.887,5.211882,91.251939,0.906,296666,wiper
1691211660,           2023-08-05 05:01:00,           2023-08-05 08:01:00,3.52,33.905,5.232183,91.632445,0.906,296666,wiper
1691212260,           2023-08-05 05:11:00,           2023-08-05 08:11:00,3.52,33.914,5.248385,91.928785,0.906,296666,wiper
1691212860,           2023-08-05 05:21:00,           2023-08-05 08:21:00,3.52,33.932,5.272723,92.380336,0.906,296666,wiper
1691213460,           2023-08-05 05:31:00,           2023-08-05 08:31:00,3.52,33.976,5.349704,93.791762,0.906,296666,wiper
1691214060,           2023-08-05 05:41:00,           2023-08-05 08:41:00,3.52,33.994,5.366782,94.116912,0.906,296666,wiper
1691214660,           2023-08-05 05:51:00,           2023-08-05 08:51:00,3.52,34.038,5.416335,95.049393,0.906,296666,wiper
1691215260,           2023-08-05 06:01:00,           2023-08-05 09:01:00,3.52,34.065,5.426218,95.261873,0.906,296666,wiper
1691215860,           2023-08-05 06:11:00,           2023-08-05 09:11:00,3.52,34.127,5.532414,97.217662,0.905,296666,wiper
1691216460,           2023-08-05 06:21:00,           2023-08-05 09:21:00,3.52,34.172,5.566654,97.886138,0.906,296666,wiper
1691217060,           2023-08-05 06:31:00,           2023-08-05 09:31:00,3.52,34.243,5.630966,99.123653,0.906,296666,wiper
1691217660,           2023-08-05 06:41:00,           2023-08-05 09:41:00,3.53,34.305,5.698449,100.405863,0.905,296666,wiper
1691218260,           2023-08-05 06:51:00,           2023-08-05 09:51:00,3.53,34.386,5.76609,101.722395,0.904,296666,wiper
1691218860,           2023-08-05 07:01:00,           2023-08-05 10:01:00,3.53,34.323,5.397429,95.127873,0.905,296666,wiper
1691219460,           2023-08-05 07:11:00,           2023-08-05 10:11:00,3.53,34.386,5.562609,98.132696,0.905,296666,wiper
1691220060,           2023-08-05 07:21:00,           2023-08-05 10:21:00,3.53,34.448,5.604257,98.960247,0.905,296666,wiper
1691220660,           2023-08-05 07:31:00,           2023-08-05 10:31:00,3.53,34.564,5.769085,102.049655,0.904,296666,wiper
1691221260,           2023-08-05 07:41:00,           2023-08-05 10:41:00,3.53,34.6,5.803286,102.710525,0.904,296666,wiper
1691221860,           2023-08-05 07:51:00,           2023-08-05 10:51:00,3.53,34.644,5.868248,103.929333,0.904,296666,wiper
1691222460,           2023-08-05 08:01:00,           2023-08-05 11:01:00,3.53,34.707,5.950332,105.483398,0.904,296666,wiper
1691223060,           2023-08-05 08:11:00,           2023-08-05 11:11:00,3.52,34.796,6.132819,108.864554,0.903,296666,wiper
1691223660,           2023-08-05 08:21:00,           2023-08-05 11:21:00,3.52,34.885,6.259596,111.264257,0.903,296666,wiper
1691224260,           2023-08-05 08:31:00,           2023-08-05 11:31:00,3.52,34.993,6.531216,116.281438,0.901,296666,wiper
1691224860,           2023-08-05 08:41:00,           2023-08-05 11:41:00,3.52,35.136,6.674714,119.092417,0.903,296666,wiper
1691225460,           2023-08-05 08:51:00,           2023-08-05 11:51:00,3.52,35.288,6.7375,120.487806,0.903,296666,wiper
1691226060,           2023-08-05 09:01:00,           2023-08-05 12:01:00,3.52,35.333,6.756496,120.909266,0.903,296666,wiper
1691226660,           2023-08-05 09:11:00,           2023-08-05 12:11:00,3.53,35.45,6.951607,124.619629,0.902,296666,wiper
1691227260,           2023-08-05 09:21:00,           2023-08-05 12:21:00,3.53,35.63,7.229056,129.94386,0.902,296666,wiper
1691227860,           2023-08-05 09:31:00,           2023-08-05 12:31:00,3.53,35.855,7.573414,136.593451,0.902,296666,wiper
1691228460,           2023-08-05 09:41:00,           2023-08-05 12:41:00,3.52,36.017,7.856624,142.045263,0.902,296666,wiper
1691229060,           2023-08-05 09:51:00,           2023-08-05 12:51:00,3.52,36.152,7.978601,144.541914,0.902,296666,wiper
1691229660,           2023-08-05 10:01:00,           2023-08-05 13:01:00,3.52,36.17,7.960982,144.261506,0.901,296666,wiper
1691230260,           2023-08-05 10:11:00,           2023-08-05 13:11:00,3.52,36.261,8.1052,147.074613,0.9,296666,wiper
1691230860,           2023-08-05 10:21:00,           2023-08-05 13:21:00,3.52,36.333,8.153721,148.114134,0.901,296666,wiper
1691231460,           2023-08-05 10:31:00,           2023-08-05 13:31:00,3.52,36.46,8.882963,161.666903,0.891,296666,wiper
1691232060,           2023-08-05 10:41:00,           2023-08-05 13:41:00,3.52,36.469,8.527615,155.220502,0.895,296666,wiper
1691232660,           2023-08-05 10:51:00,           2023-08-05 13:51:00,3.52,36.469,8.547857,155.588952,0.899,296666,wiper
1691233260,           2023-08-05 11:01:00,           2023-08-05 14:01:00,3.52,36.487,8.466276,154.14536,0.9,296666,wiper
1691233860,           2023-08-05 11:11:00,           2023-08-05 14:11:00,3.52,36.478,8.385208,152.648873,0.899,296666,wiper
1691234460,           2023-08-05 11:21:00,           2023-08-05 14:21:00,3.52,36.478,8.277518,150.688434,0.9,296666,wiper
1691235060,           2023-08-05 11:31:00,           2023-08-05 14:31:00,3.52,36.478,8.315574,151.381221,0.9,296666,wiper
1691235660,           2023-08-05 11:41:00,           2023-08-05 14:41:00,3.52,36.478,8.268612,150.526293,0.899,296666,wiper
1691236260,           2023-08-05 11:51:00,           2023-08-05 14:51:00,3.52,36.478,8.158493,148.521634,0.899,296666,wiper
1691236860,           2023-08-05 12:01:00,           2023-08-05 15:01:00,3.52,36.487,8.141584,148.233702,0.899,296666,wiper
1691237460,           2023-08-05 12:11:00,           2023-08-05 15:11:00,3.52,36.478,8.040277,146.369574,0.898,296666,wiper
1691238060,           2023-08-05 12:21:00,           2023-08-05 15:21:00,3.52,36.478,8.003031,145.691527,0.898,296666,wiper
1691238660,           2023-08-05 12:31:00,           2023-08-05 15:31:00,3.52,36.469,7.996461,145.552381,0.898,296666,wiper
1691239260,           2023-08-05 12:41:00,           2023-08-05 15:41:00,3.52,36.469,8.028038,146.127163,0.898,296666,wiper
1691239860,           2023-08-05 12:51:00,           2023-08-05 15:51:00,3.52,36.469,8.031277,146.186115,0.899,296666,wiper
1691240460,           2023-08-05 13:01:00,           2023-08-05 16:01:00,3.52,36.469,8.125201,147.895722,0.899,296666,wiper
1691241060,           2023-08-05 13:11:00,           2023-08-05 16:11:00,3.52,36.487,8.093812,147.363907,0.899,296666,wiper
1691241660,           2023-08-05 13:21:00,           2023-08-05 16:21:00,3.52,36.478,8.023274,146.060031,0.899,296666,wiper
1691242260,           2023-08-05 13:31:00,           2023-08-05 16:31:00,3.52,36.378,7.818217,142.115003,0.898,296666,wiper
1691242860,           2023-08-05 13:41:00,           2023-08-05 16:41:00,3.52,36.161,7.760976,140.618281,0.9,296666,wiper
1691243460,           2023-08-05 13:51:00,           2023-08-05 16:51:00,3.53,36.071,7.751973,140.266397,0.902,296666,wiper
1691244060,           2023-08-05 14:01:00,           2023-08-05 17:01:00,3.53,36.035,8.020273,145.043015,0.9,296666,wiper
1691244660,           2023-08-05 14:11:00,           2023-08-05 17:11:00,3.53,36.017,7.958585,143.888677,0.901,296666,wiper
1691245260,           2023-08-05 14:21:00,           2023-08-05 17:21:00,3.53,35.963,7.929703,143.250766,0.901,296666,wiper
1691245860,           2023-08-05 14:31:00,           2023-08-05 17:31:00,3.53,35.909,7.942089,143.358645,0.903,296666,wiper
1691246460,           2023-08-05 14:41:00,           2023-08-05 17:41:00,3.53,35.738,7.891774,142.086178,0.903,296666,wiper
1691247060,           2023-08-05 14:51:00,           2023-08-05 17:51:00,3.53,35.612,7.892085,141.823671,0.903,296666,wiper
1691247660,           2023-08-05 15:01:00,           2023-08-05 18:01:00,3.53,35.432,7.954901,142.566883,0.904,296666,wiper
1691248260,           2023-08-05 15:11:00,           2023-08-05 18:11:00,3.52,35.208,7.965477,142.276678,0.906,296666,wiper
1691248860,           2023-08-05 15:21:00,           2023-08-05 18:21:00,3.53,35.082,7.7629,138.395652,0.905,296666,wiper
1691249460,           2023-08-05 15:31:00,           2023-08-05 18:31:00,3.53,34.868,7.622523,135.455552,0.906,296666,wiper
1691250060,           2023-08-05 15:41:00,           2023-08-05 18:41:00,3.53,34.689,7.462373,132.251877,0.906,296666,wiper
1691250660,           2023-08-05 15:51:00,           2023-08-05 18:51:00,3.53,34.591,7.229588,127.936781,0.905,296666,wiper
1691251260,           2023-08-05 16:01:00,           2023-08-05 19:01:00,3.53,34.466,6.994993,123.55157,0.907,296666,wiper
1691251860,           2023-08-05 16:11:00,           2023-08-05 19:11:00,3.53,34.279,7.239472,127.50825,0.907,296666,wiper
1691252460,           2023-08-05 16:21:00,           2023-08-05 19:21:00,3.53,34.074,7.067971,124.101199,0.907,296666,wiper
1691253060,           2023-08-05 16:31:00,           2023-08-05 19:31:00,3.53,33.87,6.84089,119.742397,0.908,296666,wiper
1691253660,           2023-08-05 16:41:00,           2023-08-05 19:41:00,3.53,33.639,6.449128,112.488846,0.908,296666,wiper
1691254260,           2023-08-05 16:51:00,           2023-08-05 19:51:00,3.53,33.533,6.21914,108.302159,0.908,296666,wiper
1691254860,           2023-08-05 17:01:00,           2023-08-05 20:01:00,3.53,33.515,6.074622,105.756436,0.907,296666,wiper
1691255460,           2023-08-05 17:11:00,           2023-08-05 20:11:00,3.53,33.489,5.742942,99.942404,0.907,296666,wiper
1691256060,           2023-08-05 17:21:00,           2023-08-05 20:21:00,3.53,33.374,5.521097,95.913203,0.907,296666,wiper
1691256660,           2023-08-05 17:31:00,           2023-08-05 20:31:00,3.53,33.294,5.43422,94.288669,0.907,296666,wiper
1691257260,           2023-08-05 17:41:00,           2023-08-05 20:41:00,3.53,33.259,5.3098,92.080595,0.908,296666,wiper
1691257860,           2023-08-05 17:51:00,           2023-08-05 20:51:00,3.53,33.276,5.159156,89.491442,0.907,296666,wiper
1691258460,           2023-08-05 18:01:00,           2023-08-05 21:01:00,3.53,33.276,4.991457,86.582515,0.907,296666,wiper
1691259060,           2023-08-05 18:11:00,           2023-08-05 21:11:00,3.53,33.259,4.863151,84.334976,0.907,296666,wiper
1691259660,           2023-08-05 18:21:00,           2023-08-05 21:21:00,3.53,33.188,4.731274,81.958984,0.907,296666,wiper
1691260260,           2023-08-05 18:31:00,           2023-08-05 21:31:00,3.53,33.188,4.632924,80.255287,0.907,296666,wiper
1691260860,           2023-08-05 18:41:00,           2023-08-05 21:41:00,3.53,33.17,4.564288,79.044557,0.908,296666,wiper
1691261460,           2023-08-05 18:51:00,           2023-08-05 21:51:00,3.53,33.144,4.489158,77.712521,0.907,296666,wiper
1691262060,           2023-08-05 19:01:00,           2023-08-05 22:01:00,3.53,33.162,4.406239,76.298112,0.908,296666,wiper
1691262660,           2023-08-05 19:11:00,           2023-08-05 22:11:00,3.53,33.17,4.328093,74.95412,0.907,296666,wiper
1691263260,           2023-08-05 19:21:00,           2023-08-05 22:21:00,3.53,33.17,4.301491,74.493422,0.907,296666,wiper
1691263860,           2023-08-05 19:31:00,           2023-08-05 22:31:00,3.53,33.206,4.246079,73.574294,0.907,296666,wiper
1691264460,           2023-08-05 19:41:00,           2023-08-05 22:41:00,3.53,33.268,4.279497,74.223671,0.907,296666,wiper
1691265060,           2023-08-05 19:51:00,           2023-08-05 22:51:00,3.53,33.356,4.234053,73.534301,0.906,296666,wiper
1691265660,           2023-08-05 20:01:00,           2023-08-05 23:01:00,3.53,33.321,3.821833,66.339658,0.907,296666,wiper
1691266260,           2023-08-05 20:11:00,           2023-08-05 23:11:00,3.53,33.25,3.881927,67.309685,0.907,296666,wiper
1691266860,           2023-08-05 20:21:00,           2023-08-05 23:21:00,3.53,33.232,3.978574,68.966494,0.907,296666,wiper
1691267460,           2023-08-05 20:31:00,           2023-08-05 23:31:00,3.53,33.241,3.886716,67.383453,0.907,296666,wiper
1691268060,           2023-08-05 20:41:00,           2023-08-05 23:41:00,3.53,33.25,3.860965,66.946227,0.907,296666,wiper
1691268660,           2023-08-05 20:51:00,           2023-08-05 23:51:00,3.53,33.365,3.64225,63.26494,0.906,296666,wiper
1691269260,           2023-08-05 21:01:00,           2023-08-06 00:01:00,3.53,33.391,4.410046,76.631769,0.907,296666,wiper
1691269860,           2023-08-05 21:11:00,           2023-08-06 00:11:00,3.53,33.391,4.321345,75.090446,0.906,296666,wiper
1691270460,           2023-08-05 21:21:00,           2023-08-06 00:21:00,3.53,33.427,4.648155,80.813705,0.907,296666,wiper
1691271060,           2023-08-05 21:31:00,           2023-08-06 00:31:00,3.53,33.462,4.859667,84.536249,0.907,296666,wiper
1691271660,           2023-08-05 21:41:00,           2023-08-06 00:41:00,3.53,33.444,4.916804,85.506679,0.907,296666,wiper
1691272260,           2023-08-05 21:51:00,           2023-08-06 00:51:00,3.53,33.462,4.941119,85.953136,0.907,296666,wiper
1691272860,           2023-08-05 22:01:00,           2023-08-06 01:01:00,3.53,33.506,4.893027,85.173703,0.906,296666,wiper
1691273460,           2023-08-05 22:11:00,           2023-08-06 01:11:00,3.53,33.515,4.927767,85.790205,0.907,296666,wiper
1691274060,           2023-08-05 22:21:00,           2023-08-06 01:21:00,3.53,33.374,4.723614,82.059229,0.907,296666,wiper
1691274660,           2023-08-05 22:31:00,           2023-08-06 01:31:00,3.53,33.48,4.908175,85.40352,0.907,296666,wiper
1691275260,           2023-08-05 22:41:00,           2023-08-06 01:41:00,3.53,33.497,4.880869,84.95041,0.907,296666,wiper
1691275860,           2023-08-05 22:51:00,           2023-08-06 01:51:00,3.53,33.586,4.925019,85.835235,0.907,296666,wiper
1691276460,           2023-08-05 23:01:00,           2023-08-06 02:01:00,3.53,33.48,4.844464,84.29493,0.907,296666,wiper
1691277060,           2023-08-05 23:11:00,           2023-08-06 02:11:00,3.53,33.241,4.589727,79.571458,0.907,296666,wiper
1691277660,           2023-08-05 23:21:00,           2023-08-06 02:21:00,3.53,33.312,4.882856,84.745309,0.908,296666,wiper
1691278260,           2023-08-05 23:31:00,           2023-08-06 02:31:00,3.53,33.144,4.582665,79.331241,0.907,296666,wiper
1691278860,           2023-08-05 23:41:00,           2023-08-06 02:41:00,3.53,32.826,4.219678,72.692405,0.908,296666,wiper
1691279460,           2023-08-05 23:51:00,           2023-08-06 02:51:00,3.53,32.554,3.866911,66.337444,0.908,296666,wiper
1691280060,           2023-08-06 00:01:00,           2023-08-06 03:01:00,3.53,32.29,3.522495,60.183656,0.908,296666,wiper
1691280660,           2023-08-06 00:11:00,           2023-08-06 03:11:00,3.53,32.202,3.467317,59.160527,0.908,296666,wiper
1691281260,           2023-08-06 00:21:00,           2023-08-06 03:21:00,3.53,32.01,3.473625,59.092567,0.908,296666,wiper
1691281860,           2023-08-06 00:31:00,           2023-08-06 03:31:00,3.53,31.913,3.420039,58.093704,0.909,296666,wiper
1691282460,           2023-08-06 00:41:00,           2023-08-06 03:41:00,3.53,31.835,3.265979,55.409815,0.909,296666,wiper
1691283060,           2023-08-06 00:51:00,           2023-08-06 03:51:00,3.53,31.773,3.203741,54.30171,0.909,296666,wiper
1691283660,           2023-08-06 01:01:00,           2023-08-06 04:01:00,3.53,31.677,3.263639,55.23464,0.909,296666,wiper
1691284260,           2023-08-06 01:11:00,           2023-08-06 04:11:00,3.53,31.529,3.227566,54.498711,0.909,296666,wiper
1691284860,           2023-08-06 01:21:00,           2023-08-06 04:21:00,3.53,31.468,3.155711,53.234911,0.909,296666,wiper
1691285460,           2023-08-06 01:31:00,           2023-08-06 04:31:00,3.53,31.407,3.145787,53.01717,0.91,296666,wiper
1691286060,           2023-08-06 01:41:00,           2023-08-06 04:41:00,3.53,31.355,3.106958,52.320406,0.91,296666,wiper
1691286660,           2023-08-06 01:51:00,           2023-08-06 04:51:00,3.53,31.328,3.075481,51.768562,0.909,296666,wiper
1691287260,           2023-08-06 02:01:00,           2023-08-06 05:01:00,3.53,31.328,3.071461,51.700891,0.91,296666,wiper
1691287860,           2023-08-06 02:11:00,           2023-08-06 05:11:00,3.53,31.285,3.047152,51.25737,0.91,296666,wiper
1691288460,           2023-08-06 02:21:00,           2023-08-06 05:21:00,3.53,31.241,2.952899,49.637847,0.91,296666,wiper
1691289060,           2023-08-06 02:31:00,           2023-08-06 05:31:00,3.53,31.18,2.855372,47.952803,0.909,296666,wiper
1691289660,           2023-08-06 02:41:00,           2023-08-06 05:41:00,3.53,31.163,2.782152,46.710757,0.91,296666,wiper
1691290260,           2023-08-06 02:51:00,           2023-08-06 05:51:00,3.53,31.198,2.641609,44.375341,0.91,296666,wiper
1691290860,           2023-08-06 03:01:00,           2023-08-06 06:01:00,3.53,31.224,2.540412,42.692683,0.91,296666,wiper
1691291460,           2023-08-06 03:11:00,           2023-08-06 06:11:00,3.53,31.311,2.556004,43.012993,0.909,296666,wiper
1691292060,           2023-08-06 03:21:00,           2023-08-06 06:21:00,3.53,31.424,2.612707,44.044613,0.909,296666,wiper
1691292660,           2023-08-06 03:31:00,           2023-08-06 06:31:00,3.53,31.564,2.71055,45.793598,0.909,296666,wiper
1691293260,           2023-08-06 03:41:00,           2023-08-06 06:41:00,3.53,31.695,2.749668,46.549064,0.909,296666,wiper
1691293860,           2023-08-06 03:51:00,           2023-08-06 06:51:00,3.53,31.739,2.697546,45.697868,0.909,296666,wiper
1691294460,           2023-08-06 04:01:00,           2023-08-06 07:01:00,3.53,31.87,2.889556,49.050112,0.909,296666,wiper
1691295060,           2023-08-06 04:11:00,           2023-08-06 07:11:00,3.53,31.966,3.000202,51.004063,0.909,296666,wiper
1691295660,           2023-08-06 04:21:00,           2023-08-06 07:21:00,3.53,32.264,3.356513,57.324779,0.908,296666,wiper
1691296260,           2023-08-06 04:31:00,           2023-08-06 07:31:00,3.53,32.589,3.732585,64.067543,0.907,296666,wiper
1691296860,           2023-08-06 04:41:00,           2023-08-06 07:41:00,3.53,32.809,4.012507,69.105443,0.908,296666,wiper
1691297460,           2023-08-06 04:51:00,           2023-08-06 07:51:00,3.52,32.95,4.155126,71.716643,0.908,296666,wiper
1691298060,           2023-08-06 05:01:00,           2023-08-06 08:01:00,3.53,33.091,4.317143,74.674153,0.907,296666,wiper
1691298660,           2023-08-06 05:11:00,           2023-08-06 08:11:00,3.53,33.285,4.490029,77.895384,0.907,296666,wiper
1691299260,           2023-08-06 05:21:00,           2023-08-06 08:21:00,3.53,33.48,4.796076,83.452963,0.907,296666,wiper
1691299860,           2023-08-06 05:31:00,           2023-08-06 08:31:00,3.53,33.683,5.059582,88.310876,0.906,296666,wiper
1691300460,           2023-08-06 05:41:00,           2023-08-06 08:41:00,3.53,33.816,5.234777,91.553895,0.906,296666,wiper
1691301060,           2023-08-06 05:51:00,           2023-08-06 08:51:00,3.52,33.87,5.31101,92.963489,0.906,296666,wiper
1691301660,           2023-08-06 06:01:00,           2023-08-06 09:01:00,3.52,33.95,5.331762,93.440276,0.905,296666,wiper
1691302260,           2023-08-06 06:11:00,           2023-08-06 09:11:00,3.52,33.994,5.403906,94.767946,0.905,296666,wiper
1691302860,           2023-08-06 06:21:00,           2023-08-06 09:21:00,3.52,34.074,5.540896,97.288424,0.905,296666,wiper
1691303460,           2023-08-06 06:31:00,           2023-08-06 09:31:00,3.52,34.181,5.670049,99.717872,0.905,296666,wiper
1691304060,           2023-08-06 06:41:00,           2023-08-06 09:41:00,3.52,34.172,5.621546,98.851372,0.905,296666,wiper
1691304660,           2023-08-06 06:51:00,           2023-08-06 09:51:00,3.52,34.207,5.604859,98.610267,0.905,296666,wiper
1691305260,           2023-08-06 07:01:00,           2023-08-06 10:01:00,3.52,34.181,5.506179,96.835934,0.904,296666,wiper
1691305860,           2023-08-06 07:11:00,           2023-08-06 10:11:00,3.52,34.234,5.735038,100.94191,0.905,296666,wiper
1691306460,           2023-08-06 07:21:00,           2023-08-06 10:21:00,3.53,34.359,6.032333,106.375828,0.905,296666,wiper
1691307060,           2023-08-06 07:31:00,           2023-08-06 10:31:00,3.53,34.466,6.219746,109.858484,0.905,296666,wiper
1691307660,           2023-08-06 07:41:00,           2023-08-06 10:41:00,3.53,34.546,6.373865,112.716968,0.905,296666,wiper
1691308260,           2023-08-06 07:51:00,           2023-08-06 10:51:00,3.53,34.635,6.482862,114.798811,0.905,296666,wiper
1691308860,           2023-08-06 08:01:00,           2023-08-06 11:01:00,3.53,34.751,6.691488,118.700926,0.904,296666,wiper
1691309460,           2023-08-06 08:11:00,           2023-08-06 11:11:00,3.52,34.948,7.063344,125.670158,0.904,296666,wiper
1691310060,           2023-08-06 08:21:00,           2023-08-06 11:21:00,3.52,35.091,7.238456,129.063429,0.904,296666,wiper
1691310660,           2023-08-06 08:31:00,           2023-08-06 11:31:00,3.52,35.181,7.310453,130.52382,0.904,296666,wiper
1691311260,           2023-08-06 08:41:00,           2023-08-06 11:41:00,3.52,35.262,7.402587,132.32994,0.903,296666,wiper
1691311860,           2023-08-06 08:51:00,           2023-08-06 11:51:00,3.52,35.36,7.492484,134.134358,0.903,296666,wiper
1691312460,           2023-08-06 09:01:00,           2023-08-06 12:01:00,3.53,35.486,7.555996,135.527581,0.902,296666,wiper
1691313060,           2023-08-06 09:11:00,           2023-08-06 12:11:00,3.53,35.621,8.361277,150.275503,0.895,296666,wiper
1691313660,           2023-08-06 09:21:00,           2023-08-06 12:21:00,3.53,35.675,8.199292,147.483534,0.901,296666,wiper
1691314260,           2023-08-06 09:31:00,           2023-08-06 12:31:00,3.53,35.738,7.996933,143.979495,0.901,296666,wiper
1691314860,           2023-08-06 09:41:00,           2023-08-06 12:41:00,3.53,35.711,7.78553,140.11663,0.902,296666,wiper
1691315460,           2023-08-06 09:51:00,           2023-08-06 12:51:00,3.53,35.702,7.675431,138.116539,0.901,296666,wiper
1691316060,           2023-08-06 10:01:00,           2023-08-06 13:01:00,3.53,35.774,7.683437,138.409829,0.902,296666,wiper
1691316660,           2023-08-06 10:11:00,           2023-08-06 13:11:00,3.53,35.765,7.592745,136.757654,0.902,296666,wiper
1691317260,           2023-08-06 10:21:00,           2023-08-06 13:21:00,3.53,35.774,7.574228,136.442539,0.901,296666,wiper
1691317860,           2023-08-06 10:31:00,           2023-08-06 13:31:00,3.52,35.846,7.626721,137.536354,0.901,296666,wiper
1691318460,           2023-08-06 10:41:00,           2023-08-06 13:41:00,3.52,35.846,7.684971,138.586807,0.902,296666,wiper
1691319060,           2023-08-06 10:51:00,           2023-08-06 13:51:00,3.52,35.909,7.713923,139.240151,0.901,296666,wiper
1691319660,           2023-08-06 11:01:00,           2023-08-06 14:01:00,3.52,35.873,7.584111,136.823229,0.9,296666,wiper
1691320260,           2023-08-06 11:11:00,           2023-08-06 14:11:00,3.52,35.909,7.67185,138.480712,0.9,296666,wiper
1691320860,           2023-08-06 11:21:00,           2023-08-06 14:21:00,3.52,35.963,7.605232,137.389179,0.899,296666,wiper
1691321460,           2023-08-06 11:31:00,           2023-08-06 14:31:00,3.52,35.981,7.640206,138.05814,0.899,296666,wiper
1691322060,           2023-08-06 11:41:00,           2023-08-06 14:41:00,3.52,35.99,7.583653,137.054679,0.901,296666,wiper
1691322660,           2023-08-06 11:51:00,           2023-08-06 14:51:00,3.52,36.008,7.600824,137.401991,0.9,296666,wiper
1691323260,           2023-08-06 12:01:00,           2023-08-06 15:01:00,3.52,36.035,7.581671,137.11109,0.899,296666,wiper
1691323860,           2023-08-06 12:11:00,           2023-08-06 15:11:00,3.52,35.999,7.554611,136.548203,0.9,296666,wiper
1691324460,           2023-08-06 12:21:00,           2023-08-06 15:21:00,3.52,36.044,7.667539,138.68264,0.901,296666,wiper
1691325060,           2023-08-06 12:31:00,           2023-08-06 15:31:00,3.52,36.062,7.725177,139.76273,0.9,296666,wiper
1691325660,           2023-08-06 12:41:00,           2023-08-06 15:41:00,3.52,36.044,7.670776,138.741187,0.899,296666,wiper
1691326260,           2023-08-06 12:51:00,           2023-08-06 15:51:00,3.53,35.9,7.604606,137.248429,0.901,296666,wiper
1691326860,           2023-08-06 13:01:00,           2023-08-06 16:01:00,3.53,35.756,7.610452,137.058105,0.902,296666,wiper
1691327460,           2023-08-06 13:11:00,           2023-08-06 16:11:00,3.53,35.648,7.651431,137.573262,0.902,296666,wiper
1691328060,           2023-08-06 13:21:00,           2023-08-06 16:21:00,3.53,35.612,7.630849,137.129159,0.902,296666,wiper
1691328660,           2023-08-06 13:31:00,           2023-08-06 16:31:00,3.53,35.558,7.593105,136.340419,0.902,296666,wiper
1691329260,           2023-08-06 13:41:00,           2023-08-06 16:41:00,3.53,35.522,7.578998,136.013617,0.901,296666,wiper
1691329860,           2023-08-06 13:51:00,           2023-08-06 16:51:00,3.53,35.522,7.597597,136.34741,0.903,296666,wiper
1691330460,           2023-08-06 14:01:00,           2023-08-06 17:01:00,3.53,35.45,7.611431,136.44813,0.903,296666,wiper
1691331060,           2023-08-06 14:11:00,           2023-08-06 17:11:00,3.52,35.342,7.565878,135.41168,0.902,296666,wiper
1691331660,           2023-08-06 14:21:00,           2023-08-06 17:21:00,3.52,35.244,7.530945,134.588045,0.903,296666,wiper
1691332260,           2023-08-06 14:31:00,           2023-08-06 17:31:00,3.52,35.136,7.503193,133.874413,0.903,296666,wiper
1691332860,           2023-08-06 14:41:00,           2023-08-06 17:41:00,3.52,35.055,7.563,134.777059,0.904,296666,wiper
1691333460,           2023-08-06 14:51:00,           2023-08-06 17:51:00,3.53,34.859,7.337217,130.367834,0.904,296666,wiper
1691334060,           2023-08-06 15:01:00,           2023-08-06 18:01:00,3.53,34.68,7.034967,124.660227,0.905,296666,wiper
1691334660,           2023-08-06 15:11:00,           2023-08-06 18:11:00,3.53,34.484,6.861106,121.219743,0.905,296666,wiper
1691335260,           2023-08-06 15:21:00,           2023-08-06 18:21:00,3.53,34.35,6.678199,117.749151,0.905,296666,wiper
1691335860,           2023-08-06 15:31:00,           2023-08-06 18:31:00,3.53,34.199,6.512965,114.573317,0.906,296666,wiper
1691336460,           2023-08-06 15:41:00,           2023-08-06 18:41:00,3.53,34.083,6.398138,112.35544,0.905,296666,wiper
1691337060,           2023-08-06 15:51:00,           2023-08-06 18:51:00,3.53,33.959,6.183208,108.37688,0.905,296666,wiper
1691337660,           2023-08-06 16:01:00,           2023-08-06 19:01:00,3.53,33.834,5.962692,104.313366,0.906,296666,wiper
1691338260,           2023-08-06 16:11:00,           2023-08-06 19:11:00,3.53,33.701,5.74138,100.238558,0.906,296666,wiper
1691338860,           2023-08-06 16:21:00,           2023-08-06 19:21:00,3.53,33.568,5.591122,97.417618,0.906,296666,wiper
1691339460,           2023-08-06 16:31:00,           2023-08-06 19:31:00,3.53,33.515,5.432641,94.57984,0.906,296666,wiper
1691340060,           2023-08-06 16:41:00,           2023-08-06 19:41:00,3.53,33.48,5.308184,92.363781,0.906,296666,wiper
1691340660,           2023-08-06 16:51:00,           2023-08-06 19:51:00,3.53,33.4,5.214062,90.615328,0.907,296666,wiper
1691341260,           2023-08-06 17:01:00,           2023-08-06 20:01:00,3.53,33.382,5.102656,88.654821,0.906,296666,wiper
1691341860,           2023-08-06 17:11:00,           2023-08-06 20:11:00,3.53,33.365,5.030772,87.383211,0.907,296666,wiper
1691342460,           2023-08-06 17:21:00,           2023-08-06 20:21:00,3.53,33.409,4.939147,85.849366,0.906,296666,wiper
1691343060,           2023-08-06 17:31:00,           2023-08-06 20:31:00,3.53,33.303,4.957779,86.033819,0.906,296666,wiper
1691343660,           2023-08-06 17:41:00,           2023-08-06 20:41:00,3.53,33.162,4.910869,85.036242,0.907,296666,wiper
1691344260,           2023-08-06 17:51:00,           2023-08-06 20:51:00,3.53,33.206,4.807171,83.296661,0.907,296666,wiper
1691344860,           2023-08-06 18:01:00,           2023-08-06 21:01:00,3.53,33.153,4.721372,81.743683,0.907,296666,wiper
1691345460,           2023-08-06 18:11:00,           2023-08-06 21:11:00,3.53,33.206,4.661255,80.768287,0.906,296666,wiper
1691346060,           2023-08-06 18:21:00,           2023-08-06 21:21:00,3.53,33.232,4.601763,79.769149,0.906,296666,wiper
1691346660,           2023-08-06 18:31:00,           2023-08-06 21:31:00,3.53,33.285,4.546467,78.874496,0.907,296666,wiper
1691347260,           2023-08-06 18:41:00,           2023-08-06 21:41:00,3.53,33.453,4.71848,82.068963,0.906,296666,wiper
1691347860,           2023-08-06 18:51:00,           2023-08-06 21:51:00,3.53,33.639,4.870524,84.954053,0.906,296666,wiper
1691348460,           2023-08-06 19:01:00,           2023-08-06 22:01:00,3.53,33.79,5.054673,88.368993,0.905,296666,wiper
1691349060,           2023-08-06 19:11:00,           2023-08-06 22:11:00,3.53,33.879,5.306233,92.892592,0.906,296666,wiper
1691349660,           2023-08-06 19:21:00,           2023-08-06 22:21:00,3.53,33.692,4.678074,81.663146,0.905,296666,wiper
1691350260,           2023-08-06 19:31:00,           2023-08-06 22:31:00,3.53,33.63,4.602661,80.270852,0.905,296666,wiper
1691350860,           2023-08-06 19:41:00,           2023-08-06 22:41:00,3.53,33.657,4.640744,80.96832,0.905,296666,wiper
1691351460,           2023-08-06 19:51:00,           2023-08-06 22:51:00,3.53,33.639,4.461555,77.820614,0.905,296666,wiper
1691352060,           2023-08-06 20:01:00,           2023-08-06 23:01:00,3.53,33.675,4.60617,80.387143,0.906,296666,wiper
1691352660,           2023-08-06 20:11:00,           2023-08-06 23:11:00,3.53,33.772,5.10457,89.216888,0.906,296666,wiper
1691353260,           2023-08-06 20:21:00,           2023-08-06 23:21:00,3.53,33.719,4.464462,77.966256,0.905,296666,wiper
1691353860,           2023-08-06 20:31:00,           2023-08-06 23:31:00,3.53,33.728,4.668623,81.542841,0.905,296666,wiper
1691354460,           2023-08-06 20:41:00,           2023-08-06 23:41:00,3.53,33.754,4.805132,83.960363,0.905,296666,wiper
1691355060,           2023-08-06 20:51:00,           2023-08-06 23:51:00,3.53,33.692,4.851515,84.690836,0.906,296666,wiper
1691355660,           2023-08-06 21:01:00,           2023-08-07 00:01:00,3.53,33.621,4.69456,81.862348,0.906,296666,wiper
1691356260,           2023-08-06 21:11:00,           2023-08-07 00:11:00,3.53,33.533,4.615762,80.380399,0.906,296666,wiper
1691356860,           2023-08-06 21:21:00,           2023-08-07 00:21:00,3.53,33.506,4.595429,79.993367,0.906,296666,wiper
1691357460,           2023-08-06 21:31:00,           2023-08-07 00:31:00,3.53,33.409,4.473859,77.762005,0.905,296666,wiper
1691358060,           2023-08-06 21:41:00,           2023-08-07 00:41:00,3.53,33.427,4.371555,76.0047,0.906,296666,wiper
1691358660,           2023-08-06 21:51:00,           2023-08-07 00:51:00,3.53,33.365,4.381666,76.108409,0.906,296666,wiper
1691359260,           2023-08-06 22:01:00,           2023-08-07 01:01:00,3.53,33.374,4.750223,82.521495,0.906,296666,wiper
1691359860,           2023-08-06 22:11:00,           2023-08-07 01:11:00,3.53,33.4,5.008435,87.041726,0.907,296666,wiper
1691360460,           2023-08-06 22:21:00,           2023-08-07 01:21:00,3.53,33.347,4.967755,86.264895,0.907,296666,wiper
1691361060,           2023-08-06 22:31:00,           2023-08-07 01:31:00,3.53,33.312,5.040888,87.488057,0.907,296666,wiper
1691361660,           2023-08-06 22:41:00,           2023-08-07 01:41:00,3.53,33.223,4.987869,86.450193,0.907,296666,wiper
1691362260,           2023-08-06 22:51:00,           2023-08-07 01:51:00,3.53,32.967,4.805586,82.965061,0.907,296666,wiper
1691362860,           2023-08-06 23:01:00,           2023-08-07 02:01:00,3.53,32.659,4.533672,77.901512,0.908,296666,wiper
1691363460,           2023-08-06 23:11:00,           2023-08-07 02:11:00,3.53,32.352,4.113826,70.354086,0.908,296666,wiper
1691364060,           2023-08-06 23:21:00,           2023-08-07 02:21:00,3.53,32.246,3.994061,68.194309,0.908,296666,wiper
1691364660,           2023-08-06 23:31:00,           2023-08-07 02:31:00,3.53,32.159,3.826135,65.239466,0.908,296666,wiper
1691365260,           2023-08-06 23:41:00,           2023-08-07 02:41:00,3.53,32.018,3.754551,63.879528,0.908,296666,wiper
1691365860,           2023-08-06 23:51:00,           2023-08-07 02:51:00,3.53,31.896,3.597795,61.097027,0.908,296666,wiper
1691366460,           2023-08-07 00:01:00,           2023-08-07 03:01:00,3.53,31.756,3.412039,57.817006,0.908,296666,wiper
1691367060,           2023-08-07 00:11:00,           2023-08-07 03:11:00,3.53,31.573,3.175486,53.655999,0.908,296666,wiper
1691367660,           2023-08-07 00:21:00,           2023-08-07 03:21:00,3.53,31.407,3.188407,53.735449,0.909,296666,wiper
1691368260,           2023-08-07 00:31:00,           2023-08-07 03:31:00,3.53,31.346,3.129433,52.691478,0.909,296666,wiper
1691368860,           2023-08-07 00:41:00,           2023-08-07 03:41:00,3.53,31.241,3.209358,53.948894,0.909,296666,wiper
1691369460,           2023-08-07 00:51:00,           2023-08-07 03:51:00,3.53,31.163,3.170415,53.229479,0.909,296666,wiper
1691370060,           2023-08-07 01:01:00,           2023-08-07 04:01:00,3.53,31.076,3.081606,51.66823,0.909,296666,wiper
1691370660,           2023-08-07 01:11:00,           2023-08-07 04:11:00,3.53,31.006,3.008162,50.3817,0.909,296666,wiper
1691371260,           2023-08-07 01:21:00,           2023-08-07 04:21:00,3.53,30.911,2.956323,49.440001,0.909,296666,wiper
1691371860,           2023-08-07 01:31:00,           2023-08-07 04:31:00,3.53,30.876,3.046169,50.914654,0.909,296666,wiper
1691372460,           2023-08-07 01:41:00,           2023-08-07 04:41:00,3.53,30.833,3.084548,51.521436,0.909,296666,wiper
1691373060,           2023-08-07 01:51:00,           2023-08-07 04:51:00,3.53,31.024,3.352223,56.159928,0.909,296666,wiper
1691373660,           2023-08-07 02:01:00,           2023-08-07 05:01:00,3.53,31.215,3.381277,56.815797,0.909,296666,wiper
1691374260,           2023-08-07 02:11:00,           2023-08-07 05:11:00,3.53,31.407,3.422411,57.679211,0.909,296666,wiper
1691374860,           2023-08-07 02:21:00,           2023-08-07 05:21:00,3.53,31.573,3.460218,58.4671,0.908,296666,wiper
1691375460,           2023-08-07 02:31:00,           2023-08-07 05:31:00,3.53,31.686,3.450315,58.402139,0.908,296666,wiper
1691376060,           2023-08-07 02:41:00,           2023-08-07 05:41:00,3.53,31.695,3.431856,58.097808,0.908,296666,wiper
1691376660,           2023-08-07 02:51:00,           2023-08-07 05:51:00,3.53,31.756,3.468357,58.771307,0.908,296666,wiper
1691377260,           2023-08-07 03:01:00,           2023-08-07 06:01:00,3.53,31.773,3.442695,58.351838,0.908,296666,wiper
1691377860,           2023-08-07 03:11:00,           2023-08-07 06:11:00,3.53,31.843,3.533959,59.963741,0.908,296666,wiper
1691378460,           2023-08-07 03:21:00,           2023-08-07 06:21:00,3.53,32.045,3.712036,63.182555,0.908,296666,wiper
1691379060,           2023-08-07 03:31:00,           2023-08-07 06:31:00,3.53,32.194,3.706373,63.231569,0.908,296666,wiper
1691379660,           2023-08-07 03:41:00,           2023-08-07 06:41:00,3.53,32.273,3.726107,63.645781,0.908,296666,wiper
1691380260,           2023-08-07 03:51:00,           2023-08-07 06:51:00,3.53,32.15,3.45016,58.820524,0.908,296666,wiper
1691380860,           2023-08-07 04:01:00,           2023-08-07 07:01:00,3.53,32.071,3.588218,61.099606,0.908,296666,wiper
1691381460,           2023-08-07 04:11:00,           2023-08-07 07:11:00,3.53,32.115,3.66169,62.393087,0.908,296666,wiper
1691382060,           2023-08-07 04:21:00,           2023-08-07 07:21:00,3.53,32.255,3.796862,64.836341,0.908,296666,wiper
1691382660,           2023-08-07 04:31:00,           2023-08-07 07:31:00,3.53,32.387,3.855542,65.972526,0.908,296666,wiper
1691383260,           2023-08-07 04:41:00,           2023-08-07 07:41:00,3.53,32.571,4.080449,70.01903,0.907,296666,wiper
1691383860,           2023-08-07 04:51:00,           2023-08-07 07:51:00,3.52,32.915,4.585245,79.09795,0.907,296666,wiper
1691384460,           2023-08-07 05:01:00,           2023-08-07 08:01:00,3.53,33.4,5.048754,87.742432,0.907,296666,wiper
1691385060,           2023-08-07 05:11:00,           2023-08-07 08:11:00,3.53,33.533,5.170653,90.043462,0.906,296666,wiper
1691385660,           2023-08-07 05:21:00,           2023-08-07 08:21:00,3.53,33.701,5.268645,91.985109,0.905,296666,wiper
1691386260,           2023-08-07 05:31:00,           2023-08-07 08:31:00,3.52,33.763,5.316691,92.91158,0.905,296666,wiper
1691386860,           2023-08-07 05:41:00,           2023-08-07 08:41:00,3.52,33.808,5.338801,93.361869,0.905,296666,wiper
1691387460,           2023-08-07 05:51:00,           2023-08-07 08:51:00,3.52,33.834,5.350286,93.59972,0.904,296666,wiper
1691388060,           2023-08-07 06:01:00,           2023-08-07 09:01:00,3.52,33.861,5.397282,94.460662,0.905,296666,wiper
1691388660,           2023-08-07 06:11:00,           2023-08-07 09:11:00,3.52,33.879,5.440987,95.251634,0.904,296666,wiper
1691389260,           2023-08-07 06:21:00,           2023-08-07 09:21:00,3.52,33.932,5.492218,96.225982,0.905,296666,wiper
1691389860,           2023-08-07 06:31:00,           2023-08-07 09:31:00,3.52,33.959,5.524699,96.834785,0.904,296666,wiper
1691390460,           2023-08-07 06:41:00,           2023-08-07 09:41:00,3.52,34.047,5.697269,99.993076,0.905,296666,wiper
1691391060,           2023-08-07 06:51:00,           2023-08-07 09:51:00,3.52,34.181,5.93563,104.388598,0.905,296666,wiper
1691391660,           2023-08-07 07:01:00,           2023-08-07 10:01:00,3.53,34.296,5.993068,105.582611,0.904,296666,wiper
1691392260,           2023-08-07 07:11:00,           2023-08-07 10:11:00,3.53,34.43,6.176647,109.037819,0.903,296666,wiper
1691392860,           2023-08-07 07:21:00,           2023-08-07 10:21:00,3.53,34.537,6.218724,109.958448,0.904,296666,wiper
1691393460,           2023-08-07 07:31:00,           2023-08-07 10:31:00,3.53,34.582,6.266752,110.883084,0.902,296666,wiper
1691394060,           2023-08-07 07:41:00,           2023-08-07 10:41:00,3.53,34.608,6.581167,116.492069,0.902,296666,wiper
1691394660,           2023-08-07 07:51:00,           2023-08-07 10:51:00,3.53,34.635,6.365741,112.724823,0.902,296666,wiper
1691395260,           2023-08-07 08:01:00,           2023-08-07 11:01:00,3.53,34.68,6.33139,112.192773,0.902,296666,wiper
1691395860,           2023-08-07 08:11:00,           2023-08-07 11:11:00,3.52,34.823,6.597603,117.162723,0.902,296666,wiper
1691396460,           2023-08-07 08:21:00,           2023-08-07 11:21:00,3.52,35.002,6.995969,124.57275,0.903,296666,wiper
1691397060,           2023-08-07 08:31:00,           2023-08-07 11:31:00,3.52,35.172,7.166486,127.936057,0.903,296666,wiper
1691397660,           2023-08-07 08:41:00,           2023-08-07 11:41:00,3.52,35.315,7.419276,132.733974,0.902,296666,wiper
1691398260,           2023-08-07 08:51:00,           2023-08-07 11:51:00,3.53,35.45,8.12328,145.623915,0.9,296666,wiper
1691398860,           2023-08-07 09:01:00,           2023-08-07 12:01:00,3.53,35.603,7.850744,141.061722,0.903,296666,wiper
1691399460,           2023-08-07 09:11:00,           2023-08-07 12:11:00,3.53,35.468,7.342339,131.659758,0.901,296666,wiper
1691400060,           2023-08-07 09:21:00,           2023-08-07 12:21:00,3.53,35.558,7.611706,136.674409,0.9,296666,wiper
1691400660,           2023-08-07 09:31:00,           2023-08-07 12:31:00,3.52,35.792,7.941681,143.100415,0.901,296666,wiper
1691401260,           2023-08-07 09:41:00,           2023-08-07 12:41:00,3.52,35.954,8.205528,148.213609,0.901,296666,wiper
1691401860,           2023-08-07 09:51:00,           2023-08-07 12:51:00,3.52,36.143,8.302245,150.384888,0.9,296666,wiper
1691402460,           2023-08-07 10:01:00,           2023-08-07 13:01:00,3.52,36.261,8.540694,154.976955,0.901,296666,wiper
1691403060,           2023-08-07 10:11:00,           2023-08-07 13:11:00,3.52,36.36,8.465692,153.843111,0.899,296666,wiper
1691403660,           2023-08-07 10:21:00,           2023-08-07 13:21:00,3.52,36.378,8.419743,153.049191,0.898,296666,wiper
1691404260,           2023-08-07 10:31:00,           2023-08-07 13:31:00,3.52,36.442,8.44716,153.694186,0.898,296666,wiper
1691404860,           2023-08-07 10:41:00,           2023-08-07 13:41:00,3.52,36.478,8.535001,155.375798,0.899,296666,wiper
1691405460,           2023-08-07 10:51:00,           2023-08-07 13:51:00,3.52,36.478,8.715563,158.662849,0.898,296666,wiper
1691406060,           2023-08-07 11:01:00,           2023-08-07 14:01:00,3.52,36.46,8.987412,163.567826,0.9,296666,wiper
1691406660,           2023-08-07 11:11:00,           2023-08-07 14:11:00,3.52,36.487,8.982868,163.550939,0.899,296666,wiper
1691407260,           2023-08-07 11:21:00,           2023-08-07 14:21:00,3.52,36.487,8.844408,161.030008,0.899,296666,wiper
1691407860,           2023-08-07 11:31:00,           2023-08-07 14:31:00,3.52,36.478,8.713944,158.633369,0.898,296666,wiper
1691408460,           2023-08-07 11:41:00,           2023-08-07 14:41:00,3.52,36.487,8.693803,158.287943,0.898,296666,wiper
1691409060,           2023-08-07 11:51:00,           2023-08-07 14:51:00,3.52,36.478,8.685605,158.117464,0.898,296666,wiper
1691409660,           2023-08-07 12:01:00,           2023-08-07 15:01:00,3.52,36.478,8.710705,158.574408,0.899,296666,wiper
1691410260,           2023-08-07 12:11:00,           2023-08-07 15:11:00,3.52,36.478,8.683985,158.087984,0.898,296666,wiper
1691410860,           2023-08-07 12:21:00,           2023-08-07 15:21:00,3.52,36.487,8.684087,158.111035,0.898,296666,wiper
1691411460,           2023-08-07 12:31:00,           2023-08-07 15:31:00,3.52,36.478,8.614352,156.820332,0.9,296666,wiper
1691412060,           2023-08-07 12:41:00,           2023-08-07 15:41:00,3.52,36.487,8.304335,151.196902,0.898,296666,wiper
1691412660,           2023-08-07 12:51:00,           2023-08-07 15:51:00,3.52,36.469,8.341387,151.830765,0.898,296666,wiper
1691413260,           2023-08-07 13:01:00,           2023-08-07 16:01:00,3.52,36.478,8.360107,152.191928,0.899,296666,wiper
1691413860,           2023-08-07 13:11:00,           2023-08-07 16:11:00,3.52,36.478,8.390876,152.752054,0.898,296666,wiper
1691414460,           2023-08-07 13:21:00,           2023-08-07 16:21:00,3.52,36.478,8.375491,152.471991,0.899,296666,wiper
1691415060,           2023-08-07 13:31:00,           2023-08-07 16:31:00,3.52,36.351,8.167674,148.407444,0.899,296666,wiper
1691415660,           2023-08-07 13:41:00,           2023-08-07 16:41:00,3.52,36.288,8.11277,147.271314,0.899,296666,wiper
1691416260,           2023-08-07 13:51:00,           2023-08-07 16:51:00,3.52,35.99,7.951831,143.708528,0.9,296666,wiper
1691416860,           2023-08-07 14:01:00,           2023-08-07 17:01:00,3.53,35.702,7.897063,142.104728,0.902,296666,wiper
1691417460,           2023-08-07 14:11:00,           2023-08-07 17:11:00,3.53,35.495,7.741268,138.869457,0.902,296666,wiper
1691418060,           2023-08-07 14:21:00,           2023-08-07 17:21:00,3.52,35.342,7.676642,137.39409,0.904,296666,wiper
1691418660,           2023-08-07 14:31:00,           2023-08-07 17:31:00,3.52,35.181,7.538399,134.593669,0.904,296666,wiper
1691419260,           2023-08-07 14:41:00,           2023-08-07 17:41:00,3.53,35.011,7.387191,131.556838,0.904,296666,wiper
1691419860,           2023-08-07 14:51:00,           2023-08-07 17:51:00,3.53,34.93,7.333063,130.433586,0.904,296666,wiper
1691420460,           2023-08-07 15:01:00,           2023-08-07 18:01:00,3.53,34.751,7.236792,128.374127,0.905,296666,wiper
1691421060,           2023-08-07 15:11:00,           2023-08-07 18:11:00,3.53,34.698,7.219315,127.961671,0.904,296666,wiper
1691421660,           2023-08-07 15:21:00,           2023-08-07 18:21:00,3.53,34.528,7.094105,125.419728,0.905,296666,wiper
1691422260,           2023-08-07 15:31:00,           2023-08-07 18:31:00,3.53,34.332,6.927525,122.11194,0.905,296666,wiper
1691422860,           2023-08-07 15:41:00,           2023-08-07 18:41:00,3.53,34.136,6.777169,119.107219,0.906,296666,wiper
1691423460,           2023-08-07 15:51:00,           2023-08-07 18:51:00,3.53,33.923,6.613821,115.861101,0.906,296666,wiper
1691424060,           2023-08-07 16:01:00,           2023-08-07 19:01:00,3.53,33.772,6.477729,113.216753,0.906,296666,wiper
1691424660,           2023-08-07 16:11:00,           2023-08-07 19:11:00,3.53,33.577,6.196124,107.973749,0.906,296666,wiper
1691425260,           2023-08-07 16:21:00,           2023-08-07 19:21:00,3.53,33.4,5.937386,103.185997,0.906,296666,wiper
1691425860,           2023-08-07 16:31:00,           2023-08-07 19:31:00,3.53,33.259,5.746774,99.65844,0.907,296666,wiper
1691426460,           2023-08-07 16:41:00,           2023-08-07 19:41:00,3.53,33.285,5.612335,97.365733,0.907,296666,wiper
1691427060,           2023-08-07 16:51:00,           2023-08-07 19:51:00,3.53,33.303,5.474601,95.002379,0.907,296666,wiper
1691427660,           2023-08-07 17:01:00,           2023-08-07 20:01:00,3.53,33.259,5.313025,92.13652,0.905,296666,wiper
1691428260,           2023-08-07 17:11:00,           2023-08-07 20:11:00,3.53,33.188,5.170624,89.56976,0.905,296666,wiper
1691428860,           2023-08-07 17:21:00,           2023-08-07 20:21:00,3.53,33.214,5.088579,88.183573,0.907,296666,wiper
1691429460,           2023-08-07 17:31:00,           2023-08-07 20:31:00,3.53,33.214,4.949917,85.780598,0.906,296666,wiper
1691430060,           2023-08-07 17:41:00,           2023-08-07 20:41:00,3.53,33.179,4.815053,83.398799,0.906,296666,wiper
1691430660,           2023-08-07 17:51:00,           2023-08-07 20:51:00,3.53,33.144,4.594757,79.540558,0.906,296666,wiper
1691431260,           2023-08-07 18:01:00,           2023-08-07 21:01:00,3.53,33.038,4.416769,76.335411,0.906,296666,wiper
1691431860,           2023-08-07 18:11:00,           2023-08-07 21:11:00,3.53,32.642,4.531954,77.851639,0.907,296666,wiper
1691432460,           2023-08-07 18:21:00,           2023-08-07 21:21:00,3.53,32.422,4.434734,75.924074,0.907,296666,wiper
1691433060,           2023-08-07 18:31:00,           2023-08-07 21:31:00,3.53,32.378,4.294349,73.470814,0.907,296666,wiper
1691433660,           2023-08-07 18:41:00,           2023-08-07 21:41:00,3.53,32.387,4.178447,71.497794,0.907,296666,wiper
1691434260,           2023-08-07 18:51:00,           2023-08-07 21:51:00,3.53,32.439,4.231901,72.470489,0.908,296666,wiper
1691434860,           2023-08-07 19:01:00,           2023-08-07 22:01:00,3.53,32.51,4.193662,71.894205,0.907,296666,wiper
1691435460,           2023-08-07 19:11:00,           2023-08-07 22:11:00,3.53,32.589,4.149017,71.215346,0.907,296666,wiper
1691436060,           2023-08-07 19:21:00,           2023-08-07 22:21:00,3.53,32.659,4.101894,70.48232,0.907,296666,wiper
1691436660,           2023-08-07 19:31:00,           2023-08-07 22:31:00,3.53,32.721,4.027324,69.26696,0.906,296666,wiper
1691437260,           2023-08-07 19:41:00,           2023-08-07 22:41:00,3.53,32.774,3.975251,68.427017,0.906,296666,wiper
1691437860,           2023-08-07 19:51:00,           2023-08-07 22:51:00,3.53,32.835,3.921602,67.566779,0.906,296666,wiper
1691438460,           2023-08-07 20:01:00,           2023-08-07 23:01:00,3.53,32.959,4.023012,69.445953,0.905,296666,wiper
1691439060,           2023-08-07 20:11:00,           2023-08-07 23:11:00,3.53,33.029,4.019371,69.45757,0.906,296666,wiper
1691439660,           2023-08-07 20:21:00,           2023-08-07 23:21:00,3.53,33.038,3.975092,68.70187,0.906,296666,wiper
1691440260,           2023-08-07 20:31:00,           2023-08-07 23:31:00,3.53,33.179,4.090337,70.846393,0.906,296666,wiper
1691440860,           2023-08-07 20:41:00,           2023-08-07 23:41:00,3.53,33.091,3.739214,64.677632,0.904,296666,wiper
1691441460,           2023-08-07 20:51:00,           2023-08-07 23:51:00,3.53,33.1,3.886767,67.239143,0.905,296666,wiper
1691442060,           2023-08-07 21:01:00,           2023-08-08 00:01:00,3.53,33.294,4.264331,73.990025,0.905,296666,wiper
1691442660,           2023-08-07 21:11:00,           2023-08-08 00:11:00,3.53,33.294,3.881355,67.345052,0.905,296666,wiper
1691443260,           2023-08-07 21:21:00,           2023-08-08 00:21:00,3.53,33.241,3.864948,67.006072,0.905,296666,wiper
1691443860,           2023-08-07 21:31:00,           2023-08-08 00:31:00,3.53,33.188,3.769541,65.299064,0.905,296666,wiper
1691444460,           2023-08-07 21:41:00,           2023-08-08 00:41:00,3.53,33.056,3.462575,59.860492,0.906,296666,wiper
1691445060,           2023-08-07 21:51:00,           2023-08-08 00:51:00,3.53,33.109,3.574871,61.852009,0.905,296666,wiper
1691445660,           2023-08-07 22:01:00,           2023-08-08 01:01:00,3.53,33.082,3.355498,58.032451,0.905,296666,wiper
1691446260,           2023-08-07 22:11:00,           2023-08-08 01:11:00,3.53,33.144,3.258247,56.404024,0.905,296666,wiper
1691446860,           2023-08-07 22:21:00,           2023-08-08 01:21:00,3.53,33.064,3.124896,54.029359,0.905,296666,wiper
1691447460,           2023-08-07 22:31:00,           2023-08-08 01:31:00,3.53,33.073,3.145085,54.385926,0.905,296666,wiper
1691448060,           2023-08-07 22:41:00,           2023-08-08 01:41:00,3.52,32.994,3.109281,53.701765,0.905,296666,wiper
1691448660,           2023-08-07 22:51:00,           2023-08-08 01:51:00,3.52,32.985,2.968206,51.25813,0.905,296666,wiper
1691449260,           2023-08-07 23:01:00,           2023-08-08 02:01:00,3.53,33.073,3.412683,59.013329,0.904,296666,wiper
1691449860,           2023-08-07 23:11:00,           2023-08-08 02:11:00,3.53,33.126,4.148882,71.802165,0.906,296666,wiper
1691450460,           2023-08-07 23:21:00,           2023-08-08 02:21:00,3.53,33.179,4.88035,84.529773,0.906,296666,wiper
1691451060,           2023-08-07 23:31:00,           2023-08-08 02:31:00,3.52,33.011,4.643882,80.227437,0.906,296666,wiper
1691451660,           2023-08-07 23:41:00,           2023-08-08 02:41:00,3.53,32.818,4.56368,78.608873,0.907,296666,wiper
1691452260,           2023-08-07 23:51:00,           2023-08-08 02:51:00,3.53,32.633,4.260434,73.177247,0.908,296666,wiper
1691452860,           2023-08-08 00:01:00,           2023-08-08 03:01:00,3.53,32.527,4.172821,71.555633,0.907,296666,wiper
1691453460,           2023-08-08 00:11:00,           2023-08-08 03:11:00,3.53,32.413,4.012711,68.689386,0.908,296666,wiper
1691454060,           2023-08-08 00:21:00,           2023-08-08 03:21:00,3.53,32.29,3.72056,63.567697,0.908,296666,wiper
1691454660,           2023-08-08 00:31:00,           2023-08-08 03:31:00,3.53,32.159,3.513798,59.913795,0.907,296666,wiper
1691455260,           2023-08-08 00:41:00,           2023-08-08 03:41:00,3.53,31.975,3.31813,56.416767,0.907,296666,wiper
1691455860,           2023-08-08 00:51:00,           2023-08-08 03:51:00,3.53,31.747,3.225346,54.645857,0.908,296666,wiper
1691456460,           2023-08-08 01:01:00,           2023-08-08 04:01:00,3.53,31.616,3.096047,52.348665,0.908,296666,wiper
1691457060,           2023-08-08 01:11:00,           2023-08-08 04:11:00,3.53,31.538,3.017688,50.961969,0.908,296666,wiper
1691457660,           2023-08-08 01:21:00,           2023-08-08 04:21:00,3.53,31.494,2.981308,50.313179,0.908,296666,wiper
1691458260,           2023-08-08 01:31:00,           2023-08-08 04:31:00,3.53,31.45,2.866123,48.336202,0.908,296666,wiper
1691458860,           2023-08-08 01:41:00,           2023-08-08 04:41:00,3.53,31.381,2.827244,47.629359,0.908,296666,wiper
1691459460,           2023-08-08 01:51:00,           2023-08-08 04:51:00,3.53,31.233,2.689173,45.199019,0.908,296666,wiper
1691460060,           2023-08-08 02:01:00,           2023-08-08 05:01:00,3.53,31.224,2.680296,45.043482,0.908,296666,wiper
1691460660,           2023-08-08 02:11:00,           2023-08-08 05:11:00,3.53,31.041,2.483486,41.616999,0.908,296666,wiper
1691461260,           2023-08-08 02:21:00,           2023-08-08 05:21:00,3.53,30.945,2.418052,40.459734,0.908,296666,wiper
1691461860,           2023-08-08 02:31:00,           2023-08-08 05:31:00,3.53,30.754,2.288845,38.183481,0.908,296666,wiper
1691462460,           2023-08-08 02:41:00,           2023-08-08 05:41:00,3.53,30.659,2.219449,36.970697,0.908,296666,wiper
1691463060,           2023-08-08 02:51:00,           2023-08-08 05:51:00,3.53,30.659,2.153581,35.873485,0.907,296666,wiper
1691463660,           2023-08-08 03:01:00,           2023-08-08 06:01:00,3.53,30.702,2.049282,34.159146,0.906,296666,wiper
1691464260,           2023-08-08 03:11:00,           2023-08-08 06:11:00,3.53,30.746,2.091991,34.895112,0.904,296666,wiper
1691464860,           2023-08-08 03:21:00,           2023-08-08 06:21:00,3.53,30.885,2.323026,38.833263,0.907,296666,wiper
1691465460,           2023-08-08 03:31:00,           2023-08-08 06:31:00,3.53,31.067,2.172529,36.420917,0.906,296666,wiper
1691466060,           2023-08-08 03:41:00,           2023-08-08 06:41:00,3.53,31.119,2.10919,35.387803,0.907,296666,wiper
1691466660,           2023-08-08 03:51:00,           2023-08-08 06:51:00,3.53,31.189,2.180143,36.618225,0.908,296666,wiper
1691467260,           2023-08-08 04:01:00,           2023-08-08 07:01:00,3.53,31.311,2.306756,38.818584,0.908,296666,wiper
1691467860,           2023-08-08 04:11:00,           2023-08-08 07:11:00,3.53,31.45,2.504239,42.233146,0.908,296666,wiper
1691468460,           2023-08-08 04:21:00,           2023-08-08 07:21:00,3.53,31.573,2.608435,44.074571,0.908,296666,wiper
1691469060,           2023-08-08 04:31:00,           2023-08-08 07:31:00,3.53,31.8,3.080762,52.239134,0.908,296666,wiper
1691469660,           2023-08-08 04:41:00,           2023-08-08 07:41:00,3.53,31.905,3.133525,53.220309,0.908,296666,wiper
1691470260,           2023-08-08 04:51:00,           2023-08-08 07:51:00,3.53,32.045,3.256483,55.428582,0.907,296666,wiper
1691470860,           2023-08-08 05:01:00,           2023-08-08 08:01:00,3.53,32.22,3.537445,60.373848,0.907,296666,wiper
1691471460,           2023-08-08 05:11:00,           2023-08-08 08:11:00,3.53,32.299,3.6884,63.02699,0.906,296666,wiper
1691472060,           2023-08-08 05:21:00,           2023-08-08 08:21:00,3.53,32.413,3.740527,64.030142,0.906,296666,wiper
1691472660,           2023-08-08 05:31:00,           2023-08-08 08:31:00,3.53,32.633,4.004277,68.777481,0.906,296666,wiper
1691473260,           2023-08-08 05:41:00,           2023-08-08 08:41:00,3.52,32.774,4.141222,71.283922,0.904,296666,wiper
1691473860,           2023-08-08 05:51:00,           2023-08-08 08:51:00,3.52,32.906,4.336186,74.791218,0.905,296666,wiper
1691474460,           2023-08-08 06:01:00,           2023-08-08 09:01:00,3.52,32.967,4.754008,82.074609,0.904,296666,wiper
1691475060,           2023-08-08 06:11:00,           2023-08-08 09:11:00,3.53,33.153,4.656884,80.627156,0.904,296666,wiper
1691475660,           2023-08-08 06:21:00,           2023-08-08 09:21:00,3.53,33.391,4.941444,85.865694,0.905,296666,wiper
1691476260,           2023-08-08 06:31:00,           2023-08-08 09:31:00,3.52,33.728,5.364842,93.70311,0.904,296666,wiper
1691476860,           2023-08-08 06:41:00,           2023-08-08 09:41:00,3.52,33.834,5.448723,95.321808,0.903,296666,wiper
1691477460,           2023-08-08 06:51:00,           2023-08-08 09:51:00,3.52,33.959,5.448841,95.505181,0.904,296666,wiper
1691478060,           2023-08-08 07:01:00,           2023-08-08 10:01:00,3.52,34.234,5.497693,96.764415,0.903,296666,wiper
1691478660,           2023-08-08 07:11:00,           2023-08-08 10:11:00,3.53,32.352,5.709755,97.64745,0.908,296666,wiper
1691479260,           2023-08-08 07:21:00,           2023-08-08 10:21:00,3.53,30.841,5.875894,98.157799,0.91,296666,wiper
1691479860,           2023-08-08 07:31:00,           2023-08-08 10:31:00,3.53,31.198,5.845142,98.190233,0.91,296666,wiper
1691480460,           2023-08-08 07:41:00,           2023-08-08 10:41:00,3.53,31.381,5.835412,98.306671,0.91,296666,wiper
1691481060,           2023-08-08 07:51:00,           2023-08-08 10:51:00,3.52,31.843,5.789352,98.23295,0.909,296666,wiper
1691481660,           2023-08-08 08:01:00,           2023-08-08 11:01:00,3.53,29.889,6.016207,99.007618,0.91,296666,wiper
1691482260,           2023-08-08 08:11:00,           2023-08-08 11:11:00,3.54,26.565,6.247032,97.439511,0.911,296666,wiper
1691482860,           2023-08-08 08:21:00,           2023-08-08 11:21:00,3.54,23.484,5.912594,87.568722,0.912,296666,wiper
1691483460,           2023-08-08 08:31:00,           2023-08-08 11:31:00,3.54,23.266,5.904093,87.115622,0.911,296666,wiper
1691484060,           2023-08-08 08:41:00,           2023-08-08 11:41:00,3.54,23.166,5.899137,86.892585,0.912,296666,wiper
1691484660,           2023-08-08 08:51:00,           2023-08-08 11:51:00,3.54,23.074,5.867268,86.286043,0.911,296666,wiper
1691485260,           2023-08-08 09:01:00,           2023-08-08 12:01:00,3.54,22.94,5.854837,85.90399,0.911,296666,wiper
1691485860,           2023-08-08 09:11:00,           2023-08-08 12:11:00,3.54,22.89,5.909896,86.636814,0.911,296666,wiper
1691486460,           2023-08-08 09:21:00,           2023-08-08 12:21:00,3.54,22.798,5.909774,86.497012,0.911,296666,wiper
1691487060,           2023-08-08 09:31:00,           2023-08-08 12:31:00,3.54,22.722,5.899495,86.232795,0.911,296666,wiper
1691487660,           2023-08-08 09:41:00,           2023-08-08 12:41:00,3.54,22.63,5.903338,86.151162,0.911,296666,wiper
1691488260,           2023-08-08 09:51:00,           2023-08-08 12:51:00,3.54,22.555,5.909727,86.13197,0.911,296666,wiper
1691488860,           2023-08-08 10:01:00,           2023-08-08 13:01:00,3.54,22.479,5.905793,85.960811,0.911,296666,wiper
1691489460,           2023-08-08 10:11:00,           2023-08-08 13:11:00,3.54,22.413,5.909096,85.910002,0.911,296666,wiper
1691490060,           2023-08-08 10:21:00,           2023-08-08 13:21:00,3.54,22.337,5.91309,85.854139,0.911,296666,wiper
1691490660,           2023-08-08 10:31:00,           2023-08-08 13:31:00,3.54,22.27,5.922721,85.893403,0.91,296666,wiper
1691491260,           2023-08-08 10:41:00,           2023-08-08 13:41:00,3.54,22.237,5.926352,85.896492,0.911,296666,wiper
1691491860,           2023-08-08 10:51:00,           2023-08-08 13:51:00,3.54,22.153,6.699876,96.965343,0.912,296666,wiper
1691492460,           2023-08-08 11:01:00,           2023-08-08 14:01:00,3.54,21.534,6.773515,96.969697,0.912,296666,wiper
1691493060,           2023-08-08 11:11:00,           2023-08-08 14:11:00,3.54,21.049,6.83901,97.068881,0.912,296666,wiper
1691493660,           2023-08-08 11:21:00,           2023-08-08 14:21:00,3.54,20.723,6.877802,97.053305,0.912,296666,wiper
1691494260,           2023-08-08 11:31:00,           2023-08-08 14:31:00,3.54,20.497,6.895615,96.911425,0.912,296666,wiper
1691494860,           2023-08-08 11:41:00,           2023-08-08 14:41:00,3.54,20.421,6.909704,96.976974,0.912,296666,wiper
1691495460,           2023-08-08 11:51:00,           2023-08-08 14:51:00,3.54,20.371,6.918575,97.014238,0.912,296666,wiper
1691496060,           2023-08-08 12:01:00,           2023-08-08 15:01:00,3.54,20.338,6.918961,96.962076,0.912,296666,wiper
1691496660,           2023-08-08 12:11:00,           2023-08-08 15:11:00,3.54,20.304,6.918545,96.896927,0.911,296666,wiper
1691497260,           2023-08-08 12:21:00,           2023-08-08 15:21:00,3.54,20.287,6.919127,96.875417,0.911,296666,wiper
1691497860,           2023-08-08 12:31:00,           2023-08-08 15:31:00,3.54,20.262,6.9283,96.960188,0.912,296666,wiper
